-0.00291574  0.00943319  -0.0113213   0.00156517   0.00146683 -0.000341571 153572 5.52037e-05 18.3753
-0.00359943   0.0114356   -0.014631 0.00495804 0.00370149 0.00274545 156460 2.50254e-05 18.3304
-0.00401271   0.0116528  -0.0149176 0.00653565 0.00405825 0.00397397 157060 1.84595e-05 18.3407
-0.00414936   0.0116751    -0.01469 0.00687479 0.00404188 0.00421897 157039 1.8243e-05 18.3697
-0.00421542   0.0116882  -0.0145748 0.00694482 0.00398924 0.00427019 157008 1.82353e-05 18.3925
-0.00424435   0.0116937  -0.0145325 0.00696015 0.00396251 0.00428432 157009 1.82247e-05 18.3528
-0.00425911   0.0116966  -0.0145121 0.00696416 0.00394675 0.00428909 157008 1.82177e-05 18.4098
-0.00426733   0.0116972  -0.0145045  0.0069682 0.00393871 0.00429272 157003 1.82174e-05 18.4027
-0.00427369   0.0116975  -0.0144981 0.00696972 0.00393277 0.00429445 157000 1.82143e-05 18.4101
-0.00427637   0.0116982  -0.0144959 0.00696938 0.00393019 0.00429494 156998 1.82138e-05 18.3686
-0.00427696   0.0116982  -0.0144951 0.00697059 0.00392964 0.00429585 156996 1.82148e-05 18.3684
-0.00427712   0.0116981  -0.0144949 0.00697114 0.00392965 0.00429598 156996 1.8215e-05 18.3672
-0.00427721   0.0116981   -0.014495 0.00697103 0.00392942 0.00429594 156998 1.82148e-05 18.3875
-0.00427722   0.0116981  -0.0144951 0.00697104 0.00392938  0.0042959 156997 1.82149e-05 18.4216
-0.00427728   0.0116982  -0.0144949 0.00697106 0.00392941 0.00429589 156996 1.8215e-05 18.4058
-0.00427729   0.0116982  -0.0144951 0.00697098 0.00392931 0.00429583 156998 1.82148e-05 18.4183
-0.00427732   0.0116982  -0.0144949 0.00697102 0.00392938 0.00429582 156996 1.8215e-05 18.4611
-0.00427732   0.0116982  -0.0144951 0.00697093 0.00392928 0.00429577 156998 1.82148e-05 18.3763
-0.00427735   0.0116982  -0.0144949 0.00697097 0.00392937 0.00429576 156997 1.82149e-05 18.3358
-0.00427735   0.0116982  -0.0144951 0.00697088 0.00392924 0.00429571 156998 1.82148e-05 18.4234
-0.00427731   0.0116982  -0.0144951 0.00697089 0.00392926 0.00429569 156998 1.82149e-05 18.3709
-0.00427734   0.0116982   -0.014495 0.00697091 0.00392931 0.00429569 156996 1.8215e-05 18.3585
-0.00427732   0.0116982  -0.0144951 0.00697087 0.00392925 0.00429566 156998 1.82149e-05 18.4034
-0.00427737   0.0116983  -0.0144949  0.0069709 0.00392929 0.00429565 156996 1.8215e-05 18.3642
-0.00427738   0.0116982  -0.0144951 0.00697087 0.00392918 0.00429561 156998 1.82148e-05 18.3738
-0.00427739   0.0116983   -0.014495 0.00697089 0.00392922 0.00429559 156996 1.8215e-05 18.3924
-0.00427736   0.0116982  -0.0144951 0.00697087 0.00392921 0.00429555 156998 1.82149e-05 18.358
-0.00427739   0.0116983  -0.0144949 0.00697088 0.00392922 0.00429554 156996 1.8215e-05 18.3303
-0.00427737   0.0116982  -0.0144951 0.00697087 0.00392919 0.00429551 156998 1.82149e-05 18.3291
-0.00427742   0.0116983  -0.0144949 0.00697089 0.00392922  0.0042955 156996 1.8215e-05 18.4082
-0.00427743   0.0116982  -0.0144951 0.00697085 0.00392911 0.00429547 156998 1.82148e-05 18.4161
-0.00427744   0.0116983   -0.014495 0.00697086 0.00392915 0.00429544 156996 1.8215e-05 18.412
-0.00427742   0.0116982  -0.0144951 0.00697085 0.00392914 0.00429541 156998 1.82149e-05 18.3996
-0.00427747   0.0116983  -0.0144949 0.00697088 0.00392917 0.00429539 156996 1.8215e-05 18.3808
-0.00427749   0.0116982  -0.0144951 0.00697084 0.00392906 0.00429536 156998 1.82148e-05 18.4004
-0.00427751   0.0116983  -0.0144949 0.00697086 0.00392909 0.00429534 156997 1.82149e-05 18.338
-0.00427749   0.0116982  -0.0144951 0.00697085 0.00392905  0.0042953 156998 1.82148e-05 18.4131
-0.00427751   0.0116983   -0.014495 0.00697087 0.00392908 0.00429528 156997 1.82149e-05 18.4213
-0.00427749   0.0116982  -0.0144951 0.00697085 0.00392905 0.00429526 156998 1.82149e-05 18.383
-0.00427751   0.0116983   -0.014495 0.00697086  0.0039291 0.00429524 156997 1.82149e-05 18.3223
-0.0042776  0.0116981 -0.0144953 0.00697112 0.00392895  0.0042952 156998 1.82149e-05 18.4059
-0.00427749   0.0116982  -0.0144951 0.00697085 0.00392902 0.00429518 156998 1.82148e-05 18.4265
-0.00427764   0.0116981  -0.0144951 0.00697115 0.00392895 0.00429515 156996 1.82151e-05 18.3918
-0.00427752   0.0116982  -0.0144951 0.00697084   0.003929 0.00429513 156998 1.82148e-05 18.4991
-0.0042775  0.0116983 -0.0144951 0.00697084   0.003929 0.00429511 156998 1.82148e-05 18.3093
-0.00427749   0.0116982  -0.0144951 0.00697085   0.003929  0.0042951 156997 1.82149e-05 18.451
-0.00427748   0.0116982  -0.0144951 0.00697086 0.00392901 0.00429509 156997 1.82149e-05 18.3581
-0.00427747   0.0116982  -0.0144951 0.00697087 0.00392901 0.00429508 156997 1.82149e-05 18.3922
-0.00427747   0.0116982  -0.0144951 0.00697087 0.00392902 0.00429508 156997 1.82149e-05 18.4087
-0.00427746   0.0116982  -0.0144951 0.00697088 0.00392902 0.00429507 156997 1.82149e-05 18.4501
-0.00427746   0.0116982  -0.0144951 0.00697089 0.00392902 0.00429506 156997 1.82149e-05 18.3841
-0.00427745   0.0116982  -0.0144951 0.00697089 0.00392903 0.00429506 156997 1.82149e-05 18.3853
-0.00427745   0.0116982  -0.0144951  0.0069709 0.00392903 0.00429505 156997 1.82149e-05 18.3527
-0.00427744   0.0116982  -0.0144951  0.0069709 0.00392904 0.00429505 156997 1.82149e-05 18.3829
-0.00427744   0.0116982  -0.0144951 0.00697091 0.00392904 0.00429504 156997 1.82149e-05 18.3764
-0.00427744   0.0116982  -0.0144951 0.00697092 0.00392904 0.00429503 156997 1.82149e-05 18.3797
-0.00427744   0.0116982  -0.0144951 0.00697092 0.00392904 0.00429503 156997 1.82149e-05 18.3502
-0.00427743   0.0116982  -0.0144951 0.00697093 0.00392905 0.00429502 156997 1.82149e-05 18.3146
-0.00427743   0.0116982  -0.0144951 0.00697093 0.00392905 0.00429501 156997 1.82149e-05 18.3756
-0.00427743   0.0116982  -0.0144951 0.00697094 0.00392905 0.00429501 156997 1.82149e-05 18.3658
-0.00427743   0.0116982  -0.0144951 0.00697094 0.00392905   0.004295 156997 1.82149e-05 18.44
-0.00427743   0.0116982  -0.0144951 0.00697094 0.00392905 0.00429499 156997 1.82149e-05 18.3917
-0.00427742   0.0116982  -0.0144951 0.00697095 0.00392906 0.00429498 156997 1.82149e-05 18.4133
-0.00427742   0.0116982  -0.0144951 0.00697095 0.00392906 0.00429498 156997 1.82149e-05 18.3801
-0.00427742   0.0116982  -0.0144951 0.00697096 0.00392906 0.00429497 156997 1.82149e-05 18.3417
-0.00427742   0.0116982  -0.0144951 0.00697096 0.00392907 0.00429496 156997 1.82149e-05 18.3276
-0.00427742   0.0116982  -0.0144951 0.00697096 0.00392907 0.00429495 156997 1.82149e-05 18.3355
-0.00427741   0.0116982  -0.0144951 0.00697097 0.00392907 0.00429495 156997 1.82149e-05 18.3589
-0.00427741   0.0116982  -0.0144951 0.00697097 0.00392907 0.00429494 156997 1.82149e-05 18.3993
-0.00427741   0.0116982  -0.0144951 0.00697097 0.00392908 0.00429493 156997 1.82149e-05 18.4227
-0.00427741   0.0116982  -0.0144951 0.00697098 0.00392908 0.00429492 156997 1.82149e-05 18.3841
-0.00427741   0.0116982  -0.0144951 0.00697098 0.00392908 0.00429491 156997 1.82149e-05 18.3923
-0.0042774  0.0116982 -0.0144951 0.00697098 0.00392909  0.0042949 156997 1.82149e-05 18.3937
-0.0042774  0.0116982 -0.0144951 0.00697098 0.00392909 0.00429489 156997 1.82149e-05 18.361
-0.0042774  0.0116982 -0.0144951 0.00697098 0.00392909 0.00429488 156997 1.82149e-05 18.3569
-0.0042774  0.0116982 -0.0144951 0.00697099 0.00392909 0.00429488 156997 1.82149e-05 18.3692
-0.0042774  0.0116982 -0.0144951 0.00697099  0.0039291 0.00429487 156997 1.82149e-05 18.3518
-0.0042774  0.0116982 -0.0144951 0.00697099  0.0039291 0.00429486 156997 1.82149e-05 18.3994
-0.0042774  0.0116982 -0.0144951 0.00697099  0.0039291 0.00429485 156997 1.82149e-05 18.3914
-0.00427739   0.0116982  -0.0144951 0.00697099  0.0039291 0.00429484 156997 1.82149e-05 18.3715
-0.00427739   0.0116981  -0.0144951 0.00697099  0.0039291 0.00429483 156997 1.82149e-05 18.3702
-0.00427739   0.0116981  -0.0144951   0.006971 0.00392911 0.00429482 156997 1.82149e-05 18.4467
-0.00427739   0.0116981  -0.0144951   0.006971 0.00392911 0.00429481 156997 1.82149e-05 18.3938
-0.00427739   0.0116981  -0.0144951   0.006971 0.00392911  0.0042948 156997 1.82149e-05 18.4106
-0.00427739   0.0116981  -0.0144951   0.006971 0.00392911 0.00429479 156997 1.82149e-05 18.4772
-0.00427739   0.0116981  -0.0144951   0.006971 0.00392911 0.00429478 156997 1.82149e-05 18.3395
-0.00427739   0.0116981  -0.0144951   0.006971 0.00392911 0.00429477 156997 1.82149e-05 18.3307
-0.00427739   0.0116981  -0.0144951   0.006971 0.00392911 0.00429477 156997 1.82149e-05 18.3075
-0.00427739   0.0116981  -0.0144951   0.006971 0.00392911 0.00429476 156997 1.82149e-05 18.4049
-0.00427739   0.0116981  -0.0144951   0.006971 0.00392911 0.00429475 156997 1.82149e-05 18.3275
-0.00427739   0.0116981  -0.0144951   0.006971 0.00392911 0.00429474 156997 1.82149e-05 18.3713
-0.00427739   0.0116981  -0.0144951   0.006971 0.00392911 0.00429473 156997 1.82149e-05 18.3734
-0.00427738   0.0116981  -0.0144951 0.00697101 0.00392911 0.00429472 156997 1.82149e-05 18.3397
-0.00427738   0.0116981  -0.0144951 0.00697101 0.00392911 0.00429471 156997 1.82149e-05 18.3391
-0.00427738   0.0116981  -0.0144951 0.00697101 0.00392911  0.0042947 156997 1.82149e-05 18.3365
-0.00427738   0.0116981  -0.0144951 0.00697101 0.00392911 0.00429469 156997 1.82149e-05 18.3402
-0.00427738   0.0116981  -0.0144951 0.00697101 0.00392911 0.00429468 156997 1.82149e-05 18.423
-0.00427738   0.0116981  -0.0144951 0.00697101 0.00392911 0.00429467 156997 1.82149e-05 18.384
-0.00427738   0.0116981  -0.0144951 0.00697101 0.00392911 0.00429466 156997 1.82149e-05 18.4434
-0.00427738   0.0116981  -0.0144951 0.00697101 0.00392911 0.00429465 156997 1.82149e-05 18.3692
