-0.000209332  -0.00278816  0.000455709   0.0060679 -0.00122707 -0.00644624 175794 0.0167832 35.2477
0.00060627 -0.00382753  0.00113525  0.00778483 5.07202e-05 -0.00873548 176803 0.0131123 35.1714
0.00129441 -0.0043103 0.00166715  0.00805665  0.00127888 -0.00986143 176998 0.0121134 35.2774
0.00170541 -0.00450822  0.00199385 0.00773746 0.00209254 -0.0105339 177022 0.0115865 35.2399
0.00188505 -0.00454151  0.00217078 0.00724489  0.0025534  -0.010979 177107 0.0112792 35.1413
0.00193189 -0.00449199  0.00229878 0.00672908  0.0028184 -0.0112849 177089 0.0110838 35.096
0.00191427 -0.00440874  0.00243724 0.00623308 0.00298133 -0.0115173 177072 0.0109455 35.1481
0.00185852 -0.00431523  0.00259916  0.0057513 0.00307176 -0.0117308 177078 0.0108254 35.1771
0.00179018 -0.00421802  0.00279184 0.00527403 0.00312246 -0.0119088 177061 0.0107093 35.2561
0.00171269 -0.00413159  0.00300694 0.00481565 0.00313408 -0.0120645 177015 0.0105964 35.1672
0.00163795 -0.00404964  0.00323219 0.00435982 0.00311805 -0.0122193 176999 0.0104838 35.2164
0.00156932 -0.00398067  0.00345225 0.00391916 0.00308426 -0.0123832 176964 0.0103743 35.1348
0.00150535 -0.00392221  0.00366441 0.00348361 0.00303832 -0.0125317 176908 0.0102662 35.1765
0.00144331 -0.00387576  0.00386372 0.00306606 0.00297249 -0.0126702 176897 0.0101583 35.2597
0.00138172 -0.00382718  0.00404401 0.00265606 0.00289385 -0.0128094 176863 0.0100564 35.0995
0.00132491 -0.00378651  0.00420482  0.0022735  0.0028128 -0.0129546 176822 0.0099651 35.0647
0.0012695 -0.00374995  0.00435287 0.00190697 0.00273391 -0.0130804 176787 0.00988109 35.1501
0.00121392 -0.00371549  0.00448482 0.00155393 0.00265474 -0.0131989 176717 0.00980552 35.1369
0.00115569 -0.00368713  0.00460726 0.00121637 0.00257593 -0.0133274 176699 0.0097326 35.2647
0.00110007 -0.00366428  0.00472272 0.000893826  0.00250693  -0.0134699 176631 0.00966223 35.3156
0.00105019 -0.00363636  0.00483922 0.000567124  0.00245403  -0.0135951 176565 0.00959335 35.1239
0.00100151 -0.00360811  0.00495921 0.000248115  0.00241134     -0.0137 176542 0.00952932 35.2125
0.000944134 -0.00357048  0.00508298 -6.14448e-05    0.0023586   -0.0138102 176498 0.00947046 35.1004
0.000882056 -0.00352844  0.00520524 -0.000355339    0.0023046     -0.01393 176475 0.00941512 35.146
0.000821082 -0.00348938  0.00532692 -0.000627968   0.00225612   -0.0140361 176434 0.00936655 35.1302
0.000756078 -0.00344606  0.00544307 -0.000886639   0.00219983   -0.0141344 176388 0.00932392 35.1051
0.00069509 -0.00340365  0.00555898 -0.0011334 0.00215187  -0.014211 176359 0.00928607 35.2039
0.00063721 -0.00336047  0.00567623 -0.00137229  0.00210125  -0.0142849 176320 0.0092513 35.2509
0.000579437 -0.00332309  0.00579164 -0.00159127  0.00204874  -0.0143594 176319 0.00921883 35.2413
0.000523834 -0.00328415  0.00590749 -0.00180786   0.0019954  -0.0144323 176285 0.00918898 35.0796
0.000469649 -0.00324684  0.00602234 -0.00201719   0.0019378  -0.0145106 176272 0.009161 35.2341
0.000414474 -0.00321194  0.00613042 -0.00221941  0.00187256  -0.0145832 176247 0.00913305 35.1833
0.000368614 -0.00318293  0.00623218 -0.0024015 0.00181712 -0.0146435 176234 0.00910841 35.2563
0.000322134 -0.00315394  0.00632758 -0.00257956   0.0017552  -0.0147047 176205 0.00908753 35.286
0.000283964 -0.00312443  0.00641968 -0.00275431  0.00170455   -0.014757 176182 0.00906865 35.2588
0.000246138 -0.00309471  0.00650883 -0.00291962  0.00165131  -0.0148053 176180 0.00905273 35.2332
0.000214456 -0.00306509  0.00659338 -0.00307963  0.00160412   -0.014845 176149 0.00903701 35.1263
0.000188042 -0.00303708  0.00667555 -0.00323034  0.00156065  -0.0148788 176143 0.00902504 35.214
0.000161478 -0.00301053  0.00674941 -0.00337097  0.00151136  -0.0149158 176122 0.00901268 35.2571
0.000136731 -0.00298884   0.0068185 -0.00349483  0.00146556  -0.0149468 176099 0.00900378 35.1046
0.000115359 -0.00297028  0.00688595 -0.00360817  0.00142113  -0.0149774 176078 0.00899596 35.1611
9.42799e-05 -0.00294874   0.0069521 -0.00372224   0.0013774  -0.0150073 176059 0.00898992 35.0588
7.44248e-05 -0.00292926  0.00701377 -0.00382601  0.00133618  -0.0150359 176033 0.00898362 35.2973
5.43686e-05 -0.00291314  0.00707265 -0.00392116  0.00129656  -0.0150663 176028 0.00897845 35.1009
3.63503e-05 -0.00289924  0.00712716 -0.00400946  0.00125962  -0.0150931 176019 0.00897218 35.1369
2.08593e-05 -0.00288212  0.00717787 -0.00410096  0.00122644  -0.0151171 175993 0.00896725 35.1949
5.55379e-06 -0.00286728  0.00722783 -0.00418718  0.00119511  -0.0151425 175979 0.00896214 35.2004
-8.62795e-06  -0.00285222    0.0072748 -0.00427198  0.00116657  -0.0151694 175969 0.00895779 35.127
-2.21808e-05  -0.00284246   0.00732031 -0.00434664  0.00114208  -0.0151949 175964 0.0089532 35.0256
-3.86088e-05  -0.00283164   0.00736585 -0.00442324  0.00111509  -0.0152226 175953 0.00894917 35.2345
-5.42882e-05  -0.00282041    0.0074112 -0.00449964  0.00108912  -0.0152492 175939 0.00894665 35.2001
-6.78132e-05  -0.00281161   0.00745568 -0.00457106  0.00106712  -0.0152763 175928 0.00894328 35.0148
-8.61758e-05  -0.00280113   0.00749496 -0.00464489  0.00103699  -0.0153037 175916 0.0089403 35.0809
-0.000100743  -0.00278931   0.00753461 -0.00472005  0.00101202  -0.0153271 175906 0.00893619 35.1886
-0.000114456  -0.00278086   0.00757448 -0.00479183 0.000987484  -0.0153501 175895 0.00893303 35.1756
-0.000127778  -0.00276854   0.00761518  -0.0048663 0.000964057  -0.0153736 175890 0.00893058 35.1939
-0.000138978  -0.00276098   0.00765363 -0.00493094 0.000944605  -0.0153974 175871 0.00892827 35.1986
-0.000149905  -0.00275317   0.00769071 -0.00499587 0.000925116  -0.0154183 175865 0.00892642 35.2194
-0.000163161  -0.00274312   0.00772467 -0.00506024 0.000904989  -0.0154357 175852 0.00892347 35.1753
-0.000175937  -0.00273512   0.00775853 -0.00511605 0.000886467  -0.0154508 175847 0.00892138 35.2806
-0.000187163  -0.00272532   0.00778996 -0.00517105 0.000870957  -0.0154647 175835 0.00891952 35.1479
-0.000198116  -0.00271617   0.00781829 -0.00522364 0.000854897   -0.015479 175822 0.00891768 35.0615
-0.000208314  -0.00270498    0.0078461 -0.00527817 0.000838883  -0.0154901 175819 0.008916 35.2358
-0.00021748  -0.0026985  0.00787392 -0.00532389 0.000823428  -0.0155041 175812 0.00891506 35.2075
-0.000225232  -0.00268988   0.00790351 -0.00537084 0.000811947  -0.0155151 175798 0.00891393 35.0834
-0.000236081  -0.00268008   0.00792897 -0.00541861 0.000797001  -0.0155285 175795 0.00891262 35.324
-0.000244602  -0.00267268    0.0079545 -0.00546153 0.000784857  -0.0155417 175784 0.00891033 35.0337
-0.000253957   -0.0026653   0.00797826 -0.00550364 0.000771199  -0.0155555 175773 0.00890847 35.1756
-0.000263301  -0.00265885   0.00800095 -0.00554326 0.000758653  -0.0155687 175768 0.00890757 35.1864
-0.000272321  -0.00265282   0.00802235 -0.00558202 0.000746499  -0.0155781 175763 0.00890689 35.2052
-0.000278591  -0.00264726   0.00804604 -0.00561883 0.000738355  -0.0155899 175772 0.00890633 35.2832
-0.000286307  -0.00264093   0.00806872 -0.00565601  0.00072892  -0.0156021 175766 0.00890514 35.1272
-0.000296112  -0.00263484   0.00808888 -0.00569161 0.000716798  -0.0156154 175755 0.00890402 35.1299
-0.000303913  -0.00262655    0.0081077 -0.00572909 0.000708879  -0.0156245 175745 0.00890326 35.1031
-0.000311067  -0.00261943   0.00812683 -0.00576377 0.000702357  -0.0156348 175737 0.0089026 35.2497
-0.000318492  -0.00261251   0.00814513 -0.00579864 0.000695462  -0.0156453 175725 0.00890153 35.3064
-0.000325566  -0.00260601   0.00816287 -0.00583251  0.00068766  -0.0156559 175722 0.00890069 35.1511
-0.000332545  -0.00259979   0.00818003 -0.00586397  0.00068058  -0.0156687 175715 0.00890003 35.1214
-0.000339942  -0.00259237   0.00819677 -0.00589676 0.000674144  -0.0156799 175714 0.00889984 35.2351
-0.000346808  -0.00258504   0.00821143 -0.00592774 0.000667628  -0.0156909 175718 0.00889994 35.1904
-0.000351765  -0.00257904   0.00822689 -0.00595769 0.000665231   -0.015701 175720 0.0088996 35.1741
-0.000356921  -0.00257446   0.00823988 -0.00598319 0.000660959  -0.0157116 175714 0.00889917 35.2358
-0.000363153  -0.00256938    0.0082511 -0.00600877 0.000655575  -0.0157196 175712 0.00889921 35.1798
-0.000367978  -0.00256537   0.00826091 -0.00603048 0.000651487  -0.0157275 175716 0.00889924 35.2012
-0.000373638  -0.00256103   0.00826909 -0.00605192 0.000646267  -0.0157361 175711 0.00889924 35.2941
-0.000378666  -0.00255721   0.00827848 -0.00607189 0.000642499  -0.0157427 175704 0.00889858 35.1853
-0.000383717  -0.00255308   0.00828726 -0.00609106 0.000638849  -0.0157493 175699 0.00889843 35.0781
-0.000388235  -0.00254986   0.00829597 -0.00610787 0.000635558  -0.0157554 175701 0.00889833 35.1535
-0.000392542  -0.00254675   0.00830401 -0.00612396 0.000631947  -0.0157617 175698 0.00889769 35.0946
-0.000396281  -0.00254392   0.00831244 -0.00613886 0.000628841  -0.0157663 175697 0.00889764 35.2571
-0.000400412  -0.00254159   0.00832054 -0.00615264 0.000625571  -0.0157704 175696 0.00889814 35.1835
-0.000404959  -0.00254006   0.00832908 -0.00616455  0.00062139  -0.0157755 175694 0.00889807 35.1167
-0.000408708  -0.00253803   0.00833694 -0.00617594 0.000618026  -0.0157792 175694 0.00889808 35.1283
-0.000412294  -0.00253464   0.00834364 -0.00618864    0.000615  -0.0157838 175688 0.00889738 35.1627
-0.000415141  -0.00253169   0.00834953     -0.0062 0.000613458   -0.015788 175690 0.00889733 35.0352
-0.000417533  -0.00252851   0.00835602  -0.0062114 0.000611789  -0.0157917 175688 0.00889733 35.1872
-0.000420276  -0.00252649   0.00836339 -0.00622073 0.000610151  -0.0157949 175686 0.00889688 35.1907
-0.000422393  -0.00252436   0.00837144 -0.00622972  0.00060959   -0.015799 175690 0.00889674 35.2462
-0.000423685  -0.00252199    0.0083787 -0.00623829 0.000609148  -0.0158019 175686 0.00889643 35.1812
-0.000425026  -0.00251978   0.00838512 -0.00624595 0.000609429  -0.0158056 175683 0.00889632 35.1471
