-0.000209332  -0.00278816  0.000455709   0.0060679 -0.00122707 -0.00644624 175794 0.0167832 126.529
0.00060627 -0.00382753  0.00113525  0.00778483 5.07202e-05 -0.00873548 176803 0.0131123 115.17
0.00129446 -0.00431021  0.00166721  0.00805658  0.00127903 -0.00986155 176999 0.0121137 115.077
0.00170541 -0.00450831  0.00199393  0.0077375 0.00209248 -0.0105332 177022 0.0115861 111.835
0.00188495 -0.00454175  0.00217088 0.00724534 0.00255328 -0.0109785 177107 0.011279 111.981
0.00193209 -0.00449259  0.00229909 0.00673056 0.00281866 -0.0112845 177088 0.0110836 111.84
0.00191434 -0.00440832  0.00243746 0.00623276 0.00298182 -0.0115164 177070 0.0109433 112.178
0.00185898 -0.00431458   0.0025993 0.00575074 0.00307267 -0.0117303 177077 0.0108231 111.685
0.0017906 -0.00421722  0.00279139 0.00527308  0.0031233 -0.0119084 177060 0.010707 112.194
0.00171364 -0.00412953  0.00300674 0.00481316 0.00313575 -0.0120642 177014 0.0105939 111.843
0.00163865 -0.0040483 0.00323245 0.00435791 0.00311959 -0.0122172 176998 0.0104809 111.57
0.00156973 -0.00398013  0.00345249 0.00391851 0.00308563 -0.0123818 176963 0.0103716 111.719
0.00150556 -0.00392179  0.00366437 0.00348326 0.00303933 -0.0125303 176908 0.0102633 111.842
0.00144372 -0.00387537  0.00386321 0.00306513 0.00297371 -0.0126682 176895 0.0101554 111.993
0.00138193 -0.00382703  0.00404351  0.0026559  0.0028944 -0.0128084 176863 0.0100559 111.983
0.00132535 -0.00378639  0.00420439 0.00227319 0.00281347 -0.0129542 176822 0.00996471 112.233
0.00127027 -0.00374956   0.0043526 0.00190605 0.00273484 -0.0130797 176789 0.00988093 112.208
0.00121435 -0.00371537  0.00448411 0.00155311 0.00265524 -0.0131984 176719 0.00980535 111.867
0.00115625 -0.00368731  0.00460667 0.00121616 0.00257633 -0.0133264 176699 0.00973226 112.121
0.00110104 -0.00366503  0.00472215 0.000894067  0.00250776  -0.0134686 176632 0.00966184 112.151
0.00105105 -0.00363702  0.00483864 0.000567607  0.00245462   -0.013594 176565 0.00959317 111.847
0.00100226 -0.00360886   0.0049582 0.000248719  0.00241156  -0.0136994 176542 0.00952923 111.909
0.000945151 -0.00357102  0.00508158 -6.10196e-05   0.00235906   -0.0138103 176497 0.00947057 112.226
0.000883659 -0.00352884  0.00520395 -0.000355154    0.0023058   -0.0139306 176473 0.00941526 111.946
0.000822719 -0.00349013  0.00532542 -0.00062751  0.00225762  -0.0140366 176433 0.00936649 112.36
0.000757322 -0.00344657  0.00544261 -0.000885826   0.00220084   -0.0141345 176388 0.00932385 111.988
0.000696399  -0.0034038  0.00555881 -0.00113326  0.00215296  -0.0142117 176358 0.0092861 111.716
0.000638374 -0.00336012  0.00567575 -0.00137277  0.00210217  -0.0142859 176320 0.00925146 111.927
0.000580239 -0.00332271  0.00579091 -0.00159174  0.00204895  -0.0143611 176317 0.00921884 111.815
0.000525031  -0.0032838  0.00590701 -0.00180888  0.00199634  -0.0144338 176282 0.00918911 112.181
0.000470568 -0.00324628  0.00602191 -0.00201826   0.0019388  -0.0145126 176271 0.00916106 111.676
0.000414983 -0.00321203  0.00613039 -0.00221971  0.00187298  -0.0145854 176246 0.00913318 111.981
0.000369495 -0.00318251  0.00623196 -0.00240274  0.00181781  -0.0146452 176235 0.00910866 111.984
0.000322628 -0.00315284  0.00632735 -0.00258214  0.00175546  -0.0147059 176206 0.00908796 112.049
0.000284745 -0.00312449  0.00641998 -0.00275465  0.00170483  -0.0147588 176183 0.00906894 111.885
0.000247353 -0.00309382  0.00650933 -0.00292133  0.00165247  -0.0148071 176181 0.00905308 112.228
0.000215071 -0.00306378  0.00659362 -0.0030826 0.00160434 -0.0148464 176150 0.00903736 112.058
0.000188124 -0.00303624  0.00667577 -0.00323265  0.00155996  -0.0148817 176141 0.00902506 111.956
0.000161975 -0.00300955  0.00674994 -0.00337364  0.00151185  -0.0149187 176120 0.00901297 111.988
0.000137198 -0.00298846  0.00681885 -0.00349609    0.001466  -0.0149488 176098 0.00900404 111.932
0.000115483 -0.00296873  0.00688625 -0.00361144  0.00142104  -0.0149788 176076 0.00899625 111.705
9.43811e-05 -0.00294787  0.00695231 -0.0037245 0.00137719 -0.0150094 176057 0.00899023 112.162
7.44522e-05 -0.00292884  0.00701409 -0.00382701  0.00133626  -0.0150383 176031 0.00898394 111.779
5.47507e-05 -0.00291314  0.00707333 -0.00392146  0.00129715  -0.0150682 176028 0.00897864 111.962
3.62636e-05 -0.00289811  0.00712788 -0.00401189   0.0012595   -0.015095 176018 0.00897221 111.977
2.06334e-05 -0.00288169  0.00717828 -0.00410264  0.00122602  -0.0151196 175989 0.00896724 111.769
5.59016e-06 -0.00286665  0.00722826 -0.00418956  0.00119524  -0.0151444 175976 0.00896216 111.971
-8.89266e-06   -0.0028515   0.00727519 -0.00427476  0.00116645  -0.0151708 175969 0.00895779 112.19
-2.28445e-05   -0.0028418   0.00732078 -0.00434899  0.00114145  -0.0151968 175964 0.00895322 112.116
-3.91873e-05  -0.00283104   0.00736606 -0.00442575  0.00111459  -0.0152239 175954 0.00894921 112.08
-5.42284e-05  -0.00282014   0.00741168 -0.00450137  0.00108964  -0.0152508 175938 0.00894673 112.016
-6.76134e-05  -0.00281104   0.00745617 -0.00457324  0.00106792  -0.0152785 175928 0.0089434 111.631
-8.64548e-05  -0.00280083   0.00749547 -0.00464673  0.00103698  -0.0153047 175916 0.00894037 112.079
-0.000101132   -0.0027888   0.00753492 -0.00472218  0.00101152  -0.0153286 175906 0.00893635 111.956
-0.000114989  -0.00278071   0.00757491 -0.00479349 0.000986702  -0.0153518 175896 0.00893328 111.957
-0.000128761  -0.00276823   0.00761518 -0.00486822 0.000962588  -0.0153753 175889 0.00893075 111.923
-0.000140195  -0.00276049   0.00765316 -0.00493323 0.000942453  -0.0153994 175870 0.00892847 112.086
-0.000150749  -0.00275275   0.00769031 -0.00499769 0.000923509  -0.0154203 175866 0.00892657 112.113
-0.000163615   -0.0027424    0.0077241 -0.00506274 0.000903784  -0.0154375 175851 0.00892355 112.15
-0.000175939  -0.00273476   0.00775851 -0.00511817 0.000886268  -0.0154524 175846 0.00892151 111.839
-0.000186497  -0.00272556   0.00779014 -0.00517232 0.000871942  -0.0154662 175835 0.00891961 111.928
-0.000198049  -0.00271647   0.00781816 -0.00522553 0.000854936    -0.01548 175822 0.00891774 112.255
-0.000208434   -0.0027053   0.00784581 -0.00528003 0.000838343  -0.0154906 175819 0.00891614 112.119
-0.000217309  -0.00269882   0.00787386 -0.00532571 0.000823339  -0.0155041 175812 0.00891512 112.058
-0.000224908  -0.00269018   0.00790332 -0.00537317 0.000811954   -0.015515 175800 0.00891391 112.013
-0.000235882  -0.00268008   0.00792923 -0.00542078 0.000796858  -0.0155277 175793 0.00891227 112.038
-0.000244547  -0.00267307   0.00795509 -0.00546375 0.000784576  -0.0155408 175782 0.00891024 112.015
-0.000254629   -0.0026647   0.00797827  -0.0055074 0.000770184  -0.0155541 175774 0.00890851 112.092
-0.000264027  -0.00265852   0.00800126 -0.00554684 0.000757218  -0.0155678 175770 0.00890738 112.191
-0.000272006  -0.00265237   0.00802315 -0.00558502 0.000746764  -0.0155771 175761 0.00890671 112.152
-0.000279518  -0.00264471   0.00804607 -0.00562512 0.000736527  -0.0155871 175757 0.00890572 112.02
-0.000286048  -0.00263995    0.0080697 -0.00565967 0.000729072  -0.0155996 175766 0.00890478 111.851
-0.000295743  -0.00263505   0.00809009 -0.00569368 0.000717577  -0.0156127 175758 0.00890371 112.039
-0.000303658  -0.00262661   0.00810913 -0.00573169   0.0007098   -0.015622 175746 0.00890321 111.6
-0.000311384  -0.00262008   0.00812818 -0.00576519 0.000701984  -0.0156327 175737 0.00890224 111.816
-0.000318941   -0.0026125   0.00814635 -0.00580103 0.000694724  -0.0156437 175725 0.00890114 111.976
-0.000325531   -0.0026061   0.00816406 -0.00583433 0.000687979  -0.0156544 175723 0.00890063 111.885
-0.00033288 -0.00259952  0.00818088  -0.0058666 0.000680225  -0.0156674 175714 0.00889975 112.117
-0.000339991  -0.00259263    0.0081977 -0.00589866 0.000673961  -0.0156783 175714 0.00889957 112.008
-0.000346587  -0.00258641   0.00821235 -0.00592806 0.000667822  -0.0156904 175718 0.00889975 111.749
-0.000351908  -0.00257975   0.00822758 -0.00595884  0.00066488  -0.0156995 175720 0.00889935 112.15
-0.00035704 -0.00257461  0.00824091 -0.00598457 0.000660342   -0.015711 175714 0.00889894 112.214
-0.000363552  -0.00257012     0.008252 -0.00600946 0.000654455  -0.0157184 175712 0.00889904 112.001
-0.000368195  -0.00256573   0.00826144 -0.00603195 0.000650961  -0.0157255 175714 0.00889887 111.827
-0.000374012  -0.00256091   0.00826936 -0.00605359 0.000645386  -0.0157343 175709 0.00889886 112.154
-0.000379032  -0.00255759   0.00827888 -0.00607317 0.000641475   -0.015741 175703 0.00889833 111.81
-0.000383811  -0.00255347   0.00828749 -0.00609261 0.000638345  -0.0157471 175699 0.00889806 112.155
-0.000388352  -0.00254977   0.00829587  -0.0061099 0.000635246  -0.0157534 175701 0.00889798 111.749
-0.000392732  -0.00254693   0.00830391 -0.00612555 0.000631678  -0.0157599 175696 0.00889736 111.862
-0.000396788  -0.00254332   0.00831215 -0.00614184 0.000628136  -0.0157641 175697 0.00889724 111.945
-0.000400311  -0.00254174   0.00832107 -0.00615462 0.000625835  -0.0157686 175698 0.00889768 112.131
-0.000404304  -0.00253941   0.00832979 -0.00616766 0.000622455  -0.0157737 175698 0.00889768 111.738
-0.00040815 -0.00253744  0.00833762 -0.00617905 0.000618829  -0.0157776 175695 0.00889787 111.79
-0.000411654  -0.00253449   0.00834427 -0.00619064 0.000615849   -0.015782 175690 0.00889703 112.082
-0.000415027  -0.00253113   0.00835035 -0.00620274 0.000613363  -0.0157852 175689 0.00889697 112.079
-0.000417132  -0.00252804    0.0083572 -0.00621387 0.000611808  -0.0157896 175688 0.00889705 112.184
-0.000419709  -0.00252569   0.00836469 -0.00622334 0.000610331  -0.0157934 175685 0.00889657 111.96
-0.000421955  -0.00252386   0.00837287 -0.00623174 0.000609444  -0.0157977 175688 0.00889655 111.83
-0.000423585   -0.0025214   0.00837939 -0.00624054   0.0006088  -0.0158007 175687 0.00889635 111.821
-0.000425493  -0.00251834   0.00838561 -0.00624977 0.000607996  -0.0158043 175685 0.00889628 112.063
