0.0087738 -0.00859876  0.00770316   0.0131748   0.0114697 -0.00119889 166392 0.0402436 126.463
0.0123051 -0.0124701  0.0116963   0.0183128   0.0141543 -0.00181143 167922 0.0340272 115.315
0.013951 -0.0142435   0.014123    0.019979   0.0138726 -0.00212265 168679 0.0308959 115.063
0.0149025 -0.0150811  0.0158195   0.0201432   0.0126445 -0.00231908 169173 0.0286084 111.817
0.0155529 -0.0154653  0.0171777   0.0196268   0.0111507 -0.00245286 169598 0.0267132 112.25
0.0161032 -0.0156381   0.018311    0.018829  0.00971366 -0.00259178 169955 0.0250565 111.905
0.0166218 -0.0157419  0.0192693   0.0179864  0.00842415 -0.00274195 170244 0.0235651 112.272
0.0170973 -0.0157886  0.0201023   0.0171165  0.00725129 -0.00286005 170479 0.0222536 111.847
0.0175093 -0.0158023  0.0208506   0.0162758  0.00615396 -0.00297463 170747 0.0211174 111.834
0.0179006 -0.0158119   0.021521   0.0154796   0.0051947 -0.00309868 171044 0.0201227 112.154
0.0182781 -0.0158174  0.0221055   0.0147168  0.00433561 -0.00322049 171261 0.0192491 112.058
0.0186188 -0.0158178  0.0226032   0.0139977  0.00355027 -0.00334203 171391 0.0184841 112.071
0.018929 -0.0158321  0.0230247   0.0133617  0.00284783 -0.00344644 171574 0.0178241 111.975
0.0192102 -0.0158435  0.0233787   0.0127579  0.00219935 -0.00354202 171715 0.0172473 111.697
0.0194787 -0.0158628  0.0237025    0.012201  0.00162348 -0.00363687 171872 0.0167346 112.23
0.0197186 -0.0158744  0.0239796  0.0116689 0.00109631 -0.0037313 171976 0.0163025 111.805
0.0199327 -0.0158858  0.0242143   0.0111767 0.000624634 -0.00382767 172094 0.0159369 111.841
0.0201406 -0.0159006  0.0244229   0.0107263  0.00021247 -0.00393114 172152 0.0156151 112.172
0.0203487 -0.0159187  0.0246044    0.0103133 -0.000142955  -0.00401214 172277 0.0153375 111.98
0.0205379 -0.0159392  0.0247451   0.00993649 -0.000475874   -0.0040846 172378 0.0151046 111.92
0.0207067 -0.0159563  0.0248585   0.00957923 -0.000784249  -0.00415024 172469 0.0148986 111.809
0.0208706 -0.015983 0.0249415  0.00925971 -0.00105044 -0.00422704 172492 0.0147126 111.887
0.0210196 -0.0160125  0.0250113  0.00897099 -0.00129428 -0.00428836 172519 0.014563 111.822
0.0211615 -0.0160332  0.0250688  0.00869205 -0.00150935 -0.00434823 172532 0.014428 112.066
0.0212853 -0.0160516  0.0251082  0.00843382 -0.00171574 -0.00440002 172568 0.0143206 111.73
0.0214027 -0.0160669  0.0251476  0.00819503  -0.0018973 -0.00444792 172584 0.0142211 111.896
0.0215211 -0.0160777  0.0251869   0.0079726 -0.00204678 -0.00449255 172590 0.0141449 112.05
0.0216218 -0.0160961  0.0252147  0.00777964 -0.00219684 -0.00454008 172583 0.0140785 112.089
0.0217188 -0.0161148  0.0252296  0.00760624 -0.00232903 -0.00458177 172576 0.0140206 112.061
0.0218049 -0.016129  0.025242  0.00744518 -0.00245326 -0.00462122 172593 0.0139704 112.092
0.0218824 -0.0161387  0.0252526  0.00729111 -0.00256468  -0.0046533 172592 0.013925 112.024
0.0219568 -0.0161527  0.0252532  0.00715533 -0.00266001 -0.00468071 172572 0.0138885 111.823
0.0220231 -0.0161752  0.0252498   0.0070449 -0.00274869 -0.00470493 172578 0.013862 112.153
0.022082 -0.016196 0.0252386  0.00694294 -0.00283621  -0.0047263 172571 0.0138375 111.705
0.0221429 -0.0162143  0.0252217   0.0068456 -0.00290854 -0.00474639 172573 0.0138089 112.143
0.0221997 -0.0162312  0.0252025  0.00675303 -0.00297644 -0.00476326 172586 0.0137892 112.077
0.0222517 -0.0162486  0.0251789  0.00667152 -0.00303818 -0.00477999 172592 0.0137708 111.619
0.0223023 -0.0162634  0.0251566  0.00659437 -0.00309261 -0.00479556 172592 0.0137561 111.85
0.0223459 -0.0162797  0.0251312  0.00652597   -0.003143 -0.00481491 172577 0.0137433 111.802
0.0223895 -0.0162921   0.025107  0.00645913 -0.00318321 -0.00483571 172573 0.0137315 111.826
0.0224353 -0.0163044  0.0250854  0.00639665 -0.00320967  -0.0048489 172580 0.0137226 111.722
0.0224753 -0.0163178  0.0250604  0.00634125 -0.00324202 -0.00486731 172598 0.013715 111.991
0.0225144 -0.0163268  0.0250363  0.00628348 -0.00326841  -0.0048861 172605 0.0137073 111.887
0.0225535 -0.0163332  0.0250111  0.00622589 -0.00328929 -0.00490479 172588 0.0137021 112.084
0.0225939 -0.0163457  0.0249857  0.00617983 -0.00329892    -0.00492 172580 0.0136945 112.449
0.0226318 -0.0163594  0.0249589  0.00613995 -0.00330869  -0.0049334 172581 0.0136868 111.847
0.0226669 -0.0163738  0.0249328  0.00610502 -0.00331894 -0.00495108 172587 0.0136829 111.947
0.0226996 -0.0163913  0.0249055  0.00607555 -0.00332659 -0.00496336 172564 0.0136774 112.135
0.0227293 -0.0164087  0.0248811  0.00605239 -0.00333279 -0.00497898 172573 0.0136738 111.856
0.0227571 -0.0164203  0.0248578  0.00602308 -0.00333781 -0.00498997 172571 0.0136712 112.128
0.0227806 -0.0164314  0.0248346  0.00599742 -0.00334676 -0.00499666 172558 0.0136711 111.848
0.0228036 -0.0164394  0.0248153  0.00596922 -0.00335401 -0.00500456 172551 0.0136713 112.148
0.0228256 -0.0164451  0.0247986   0.0059434 -0.00336181 -0.00501176 172546 0.0136713 111.884
0.0228452 -0.0164509  0.0247824  0.00592007 -0.00337126  -0.0050193 172541 0.01367 112.086
0.0228637 -0.016457 0.0247653  0.00589843 -0.00337836 -0.00502267 172535 0.0136674 112.219
0.0228818 -0.0164623  0.0247497   0.0058792   -0.003386 -0.00502735 172532 0.0136662 111.717
0.0228983 -0.0164677  0.0247348  0.00586207 -0.00339438 -0.00503155 172529 0.0136646 112.227
0.0229151 -0.0164701  0.0247223  0.00584195 -0.00340055 -0.00503386 172526 0.0136624 112.191
0.0229308 -0.0164738  0.0247111  0.00582768 -0.00340344 -0.00503688 172525 0.0136614 112.066
0.0229447 -0.0164771  0.0246993  0.00581416 -0.00340734 -0.00503822 172518 0.0136634 112.05
0.0229582 -0.0164804  0.0246873  0.00580356 -0.00341129 -0.00503944 172526 0.0136626 112.059
0.0229727 -0.0164818  0.0246759  0.00579031 -0.00341154 -0.00504198 172530 0.0136618 112.008
0.0229881 -0.0164849  0.0246647  0.00578194 -0.00340899 -0.00504262 172512 0.0136601 112.166
0.0230016 -0.0164891  0.0246531  0.00577645 -0.00340825 -0.00504443 172520 0.0136595 111.648
0.0230136 -0.0164935   0.024642  0.00577089 -0.00340766 -0.00504695 172515 0.0136598 111.991
0.0230245 -0.0164966  0.0246282  0.00576477 -0.00340879 -0.00504721 172509 0.0136596 112.043
0.0230357 -0.0165005  0.0246151  0.00576141 -0.00340906 -0.00504651 172512 0.0136592 111.842
0.0230474 -0.0165044  0.0246026  0.00575841 -0.00340792 -0.00504438 172511 0.0136588 112.159
0.0230579 -0.0165075  0.0245888  0.00575488 -0.00340977 -0.00504345 172506 0.0136589 112.079
0.0230673 -0.0165125  0.0245758  0.00575529 -0.00341202 -0.00504405 172500 0.0136591 112.427
0.0230764 -0.0165166  0.0245648  0.00575574 -0.00341269 -0.00504489 172498 0.0136575 111.741
0.0230844 -0.0165199  0.0245544  0.00575646 -0.00341269 -0.00504395 172493 0.0136574 111.907
0.0230921 -0.0165223  0.0245446  0.00575584 -0.00341328 -0.00504336 172494 0.0136568 111.907
0.0230995 -0.0165243  0.0245374  0.00575575 -0.00341353 -0.00504266 172488 0.013657 112.119
0.0231054 -0.016526 0.0245295  0.00575544 -0.00341625 -0.00504363 172489 0.0136571 111.981
0.0231123 -0.0165276  0.0245219  0.00575409 -0.00341624 -0.00504376 172484 0.0136562 111.888
0.0231186 -0.0165298  0.0245146  0.00575343 -0.00341579 -0.00504401 172484 0.0136559 112.137
0.0231251 -0.0165327  0.0245074  0.00575433  -0.0034152 -0.00504354 172483 0.0136553 112.067
0.0231315 -0.0165342  0.0244992  0.00575336 -0.00341446 -0.00504129 172485 0.0136551 111.762
0.0231369 -0.0165371  0.0244907  0.00575464 -0.00341443 -0.00504034 172484 0.0136554 111.818
0.0231423 -0.0165392  0.0244821  0.00575488 -0.00341447 -0.00503987 172479 0.0136552 111.965
0.0231478 -0.0165418   0.024475  0.00575537 -0.00341268 -0.00503927 172480 0.0136575 111.923
0.0231531 -0.0165441  0.0244702  0.00575534 -0.00341121 -0.00503976 172476 0.0136583 112.105
0.0231579 -0.0165457  0.0244649  0.00575541 -0.00340925 -0.00503905 172476 0.0136582 111.973
0.0231621 -0.0165469  0.0244597  0.00575516 -0.00340789  -0.0050381 172474 0.0136583 112.231
0.0231654 -0.0165485  0.0244546  0.00575598 -0.00340773  -0.0050362 172472 0.0136585 112.208
0.0231685 -0.0165504  0.0244497  0.00575733 -0.00340783 -0.00503512 172474 0.0136584 112.293
0.0231715 -0.0165512  0.0244448  0.00575729 -0.00340797 -0.00503334 172472 0.0136585 112.17
0.0231744 -0.0165545  0.0244397  0.00576124 -0.00340817 -0.00503238 172473 0.0136584 112.097
0.0231783 -0.0165564  0.0244358  0.00576379 -0.00340667 -0.00503202 172472 0.0136583 112.111
0.0231808 -0.0165577   0.024432  0.00576447  -0.0034067 -0.00503143 172472 0.0136583 112.408
0.023184 -0.0165586   0.024429  0.00576437 -0.00340593 -0.00503132 172473 0.0136583 111.73
0.0231866  -0.01656 0.0244253  0.00576498 -0.00340586 -0.00503096 172473 0.0136576 111.944
0.0231881 -0.0165618  0.0244222  0.00576644 -0.00340653 -0.00503155 172472 0.0136575 111.958
0.0231901 -0.0165635  0.0244193  0.00576728 -0.00340589  -0.0050319 172472 0.0136574 111.904
0.0231919 -0.0165642  0.0244164  0.00576674 -0.00340527 -0.00503286 172471 0.0136574 112.097
0.0231936 -0.0165648  0.0244143  0.00576671  -0.0034046 -0.00503322 172472 0.0136574 112.139
0.0231955 -0.0165654  0.0244125  0.00576648 -0.00340343 -0.00503406 172472 0.0136574 111.989
0.0231969 -0.0165659  0.0244106  0.00576651  -0.0034028 -0.00503466 172473 0.0136576 111.763
0.0231982 -0.016566 0.0244092  0.00576552 -0.00340185 -0.00503442 172474 0.0136578 112.189
