0.0087558 -0.00855849  0.00762338   0.0130915   0.0115258 -0.00114417 166277 0.0402947 56.9608
0.0122508 -0.012329 0.0114758   0.0180343   0.0142799 -0.00167132 167738 0.0343204 56.9471
0.0137966 -0.0139948  0.0137226   0.0195006   0.0139595 -0.00190393 168473 0.0314308 56.9666
0.0146431 -0.0147639  0.0152566   0.0195313   0.0126636 -0.00204611 168896 0.0293313 56.858
0.0152154 -0.0151134   0.016481   0.0189626   0.0111447 -0.00216149 169283 0.0275968 56.9414
0.0156914 -0.0152756  0.0174961   0.0181552  0.00968263 -0.00226838 169616 0.0260912 56.9155
0.0161713 -0.0153676   0.018374   0.0173021  0.00840907 -0.00240156 169860 0.0247575 56.9633
0.0166111 -0.0154039  0.0191176   0.0164267  0.00725729 -0.00251884 170109 0.0235911 56.9556
0.017006 -0.0154156  0.0197755   0.0155975  0.00622066 -0.00261998 170303 0.0225982 56.9165
0.0173868 -0.015425 0.0203564   0.014824 0.00534247 -0.0027313 170569 0.0217624 56.9923
0.0177601 -0.0154336   0.020837  0.0140942 0.00460187 -0.0028398 170719 0.0210346 56.8994
0.0181219 -0.0154504  0.0212377   0.0134406  0.00396624 -0.00295257 170804 0.020415 56.9972
0.0184662 -0.0154767  0.0215505   0.0128523  0.00344498 -0.00306336 170939 0.0199092 57.0927
0.0188033 -0.0155245  0.0217951   0.0123583  0.00304626 -0.00315942 171078 0.0194669 56.8901
0.0191066 -0.0155748  0.0219712   0.0119225  0.00270034 -0.00325308 171178 0.0191342 57.0984
0.0194022 -0.0156232  0.0221025   0.0115254  0.00245155 -0.00335824 171245 0.0188481 56.8489
0.0196863  -0.01567 0.0221936   0.0111636  0.00226693 -0.00344552 171305 0.0186057 57.05
0.0199604 -0.0157106  0.0222432   0.0108341  0.00215327 -0.00353583 171409 0.0184238 57.024
0.0202135 -0.0157585  0.0222503   0.0105551  0.00208146 -0.00361875 171455 0.0182783 57.0205
0.0204459 -0.0158151  0.0222108   0.0103165   0.0020376 -0.00369807 171505 0.0181587 56.9299
0.0206615 -0.0158676   0.022134    0.010102  0.00202076 -0.00377676 171498 0.0180592 56.9668
0.0208523 -0.0159273  0.0220252    0.009922  0.00200703 -0.00383971 171533 0.0179716 57.0321
0.0210271 -0.0159809  0.0218984  0.00976438  0.00200121 -0.00389227 171544 0.0179005 56.9402
0.0211949 -0.0160351  0.0217679 0.00963067 0.00202455 -0.0039452 171565 0.0178405 57.034
0.0213474 -0.0160844  0.0216426  0.00951271  0.00204916 -0.00398856 171592 0.0177907 56.7831
0.0214896 -0.0161298  0.0215209  0.00941809  0.00207937 -0.00401778 171636 0.0177495 56.9481
0.0216162 -0.0161769  0.0213872  0.00934533  0.00210301 -0.00404952 171644 0.0177136 56.882
0.0217355 -0.0162224  0.0212527  0.00928396   0.0021326 -0.00407045 171644 0.0176843 56.9821
0.0218432 -0.0162632  0.0211197  0.00923171  0.00215909 -0.00408631 171653 0.0176629 56.8037
0.0219479 -0.0163021  0.0209844  0.00918951  0.00219271 -0.00409933 171655 0.0176377 56.9794
0.0220424 -0.0163409  0.0208536  0.00915664  0.00221949 -0.00411011 171642 0.0176155 57.0119
0.0221327  -0.01638 0.0207317  0.00913484  0.00225047 -0.00412113 171637 0.0175945 57.0165
0.0222138 -0.0164242  0.0206172  0.00912751  0.00227372 -0.00412831 171657 0.0175796 56.8972
0.0222954 -0.0164604  0.0205136 0.00911727   0.002305 -0.0041365 171654 0.0175657 56.9932
0.0223666 -0.0164994  0.0204135  0.00911798  0.00232583 -0.00413862 171653 0.0175536 57.0268
0.0224291 -0.0165323  0.0203134  0.00911444  0.00234236 -0.00413628 171652 0.0175431 56.9752
0.0224904 -0.0165597  0.0202203  0.00910789  0.00236373 -0.00413267 171642 0.0175328 57.0601
0.0225462 -0.0165877  0.0201324  0.00910942  0.00237997 -0.00413242 171628 0.017526 57.0935
0.022598 -0.0166144  0.0200477   0.0091127  0.00239668 -0.00413241 171625 0.0175218 56.9782
0.0226486 -0.0166395  0.0199637  0.00911674  0.00241674 -0.00413338 171623 0.0175148 56.8521
0.0226966 -0.0166611  0.0198852   0.0091173  0.00243545 -0.00413189 171634 0.0175143 57.0612
0.0227451 -0.0166804  0.0198157  0.00911877  0.00245925 -0.00413089 171637 0.0175114 57.0182
0.0227855 -0.0166996  0.0197519 0.00912582  0.0024742 -0.0041274 171647 0.0175071 56.9191
0.0228231 -0.0167184  0.0196853  0.00913175  0.00248516 -0.00412345 171657 0.0175021 56.7987
0.0228568 -0.0167395  0.0196231  0.00914444  0.00249343 -0.00411924 171664 0.017499 57.2194
0.0228883 -0.0167576  0.0195663   0.0091548  0.00249886 -0.00411698 171661 0.0174916 56.8935
0.0229224 -0.0167731  0.0195123  0.00916275  0.00251154 -0.00411556 171662 0.0174902 57.0828
0.0229525 -0.0167868  0.0194668  0.00916874  0.00252427 -0.00411477 171669 0.0174896 56.9078
0.0229791 -0.0167991  0.0194244   0.0091735  0.00253402 -0.00411114 171674 0.0174887 56.8748
0.0230034 -0.0168127  0.0193829   0.0091803  0.00254098 -0.00410797 171674 0.0174872 56.9364
0.02303 -0.0168245  0.0193438  0.00918469  0.00255248 -0.00410589 171666 0.017486 56.9726
0.0230516 -0.0168343  0.0193056  0.00918829  0.00255627 -0.00410551 171672 0.0174841 56.9193
0.0230717 -0.0168445  0.0192735  0.00919475  0.00256299 -0.00410418 171667 0.0174841 56.8312
0.0230895 -0.0168513  0.0192454  0.00919651  0.00256862 -0.00410062 171677 0.0174828 56.8103
0.0231051  -0.01686  0.019219  0.00920218  0.00257205 -0.00409669 171676 0.0174816 56.8125
0.0231215 -0.0168678  0.0191938 0.00920796 0.00258002 -0.0040955 171676 0.0174807 56.9228
0.0231377 -0.0168746  0.0191681  0.00921304  0.00258795 -0.00409373 171676 0.0174809 57.0229
0.023154 -0.0168799   0.019147  0.00921696  0.00259728 -0.00409269 171661 0.0174811 56.9318
0.0231679 -0.0168851   0.019126 0.00922091 0.00260354 -0.0040932 171675 0.0174821 56.9543
0.0231799 -0.0168897  0.0191083  0.00922464  0.00260831 -0.00409146 171665 0.0174836 57.0499
0.0231935 -0.0168957  0.0190938  0.00923226  0.00261672 -0.00409162 171661 0.0174829 56.8517
0.0232053 -0.0168991  0.0190799  0.00923557  0.00262257 -0.00408953 171664 0.0174826 57.1244
0.0232173 -0.0169018  0.0190666  0.00923816  0.00262817 -0.00408769 171663 0.0174818 57.0289
0.0232295 -0.0169041  0.0190548  0.00924018  0.00263395 -0.00408716 171659 0.0174818 56.8797
0.0232394 -0.0169077   0.019044  0.00924451  0.00263851 -0.00408507 171666 0.0174822 56.8949
0.0232478 -0.0169105  0.0190351  0.00924855  0.00264162 -0.00408205 171664 0.0174818 56.9636
0.0232533 -0.0169118   0.019027  0.00925076  0.00264077 -0.00407976 171667 0.0174824 57.1414
0.0232594 -0.0169136  0.0190196 0.00925463 0.00264083 -0.0040771 171664 0.0174821 56.9135
0.0232661 -0.0169165  0.0190112  0.00925978  0.00264165 -0.00407408 171662 0.0174821 57.0639
0.0232729 -0.0169191  0.0190028  0.00926428   0.0026423 -0.00407225 171661 0.017482 56.8476
0.0232804 -0.0169203  0.0189962  0.00926665  0.00264463 -0.00407055 171665 0.0174818 57.0758
0.0232873 -0.016921 0.0189899  0.00926793  0.00264707 -0.00406886 171666 0.0174806 56.9546
0.0232921 -0.016923 0.0189838    0.009271  0.00264748 -0.00406585 171666 0.0174806 57.0728
0.0232959 -0.0169236  0.0189799  0.00927252  0.00264731 -0.00406333 171669 0.0174804 57.0356
0.0232999 -0.0169248  0.0189766  0.00927533  0.00264834 -0.00406128 171668 0.0174804 56.8212
0.0233032 -0.0169259  0.0189735  0.00927795  0.00264923 -0.00406055 171669 0.0174806 56.9734
0.0233068 -0.0169266  0.0189701  0.00927963  0.00265022 -0.00405922 171672 0.0174804 56.7897
0.0233092 -0.0169272  0.0189662  0.00928131  0.00264926 -0.00405874 171674 0.0174804 56.8711
0.0233121 -0.0169275  0.0189626  0.00928249  0.00265002 -0.00405801 171673 0.0174805 57.0094
0.0233147 -0.0169293  0.0189604  0.00928602  0.00265052 -0.00405787 171673 0.0174805 57.0379
0.0233175  -0.01693 0.0189586  0.00928745  0.00265215 -0.00405798 171675 0.0174804 57.0893
0.0233191 -0.0169301  0.0189568  0.00928808   0.0026518 -0.00405809 171674 0.0174805 56.8965
0.0233205 -0.0169299  0.0189556  0.00928805  0.00265157 -0.00405701 171675 0.0174805 57.0259
0.0233218 -0.0169295  0.0189542  0.00928789  0.00265153 -0.00405678 171676 0.0174803 57.037
0.0233232 -0.0169308  0.0189531     0.00929  0.00265201 -0.00405593 171675 0.0174804 56.9028
0.0233238 -0.0169324  0.0189514  0.00929238  0.00265154 -0.00405496 171674 0.0174801 56.8732
0.0233242 -0.0169336  0.0189496  0.00929416  0.00265066 -0.00405387 171676 0.0174805 57.0115
0.0233247 -0.0169332  0.0189476  0.00929286   0.0026501 -0.00405364 171677 0.0174804 57.0291
0.023326 -0.0169331  0.0189456  0.0092923 0.00265094 -0.0040534 171678 0.0174803 56.9332
0.0233278 -0.0169332  0.0189443  0.00929188  0.00265247 -0.00405315 171678 0.0174804 56.7775
0.0233292 -0.0169338  0.0189431  0.00929266  0.00265359 -0.00405314 171678 0.0174804 57.1496
0.0233302 -0.0169341  0.0189419  0.00929296  0.00265392 -0.00405242 171678 0.0174805 57.0381
0.0233312 -0.0169337  0.0189408  0.00929247  0.00265432 -0.00405147 171677 0.0174806 56.9862
0.0233323 -0.0169339  0.0189399  0.00929272  0.00265492 -0.00405111 171678 0.0174806 57.1236
0.0233328 -0.0169348  0.0189389  0.00929404  0.00265476 -0.00404991 171678 0.0174806 57.0203
0.0233335 -0.0169355  0.0189379  0.00929528  0.00265512 -0.00405014 171678 0.0174806 56.87
0.0233337 -0.0169358  0.0189368  0.00929605  0.00265505 -0.00404918 171678 0.0174806 56.8664
0.0233339 -0.0169363  0.0189359  0.00929715   0.0026549 -0.00404918 171678 0.0174806 57.1528
0.0233341 -0.0169368  0.0189354 0.00929786 0.00265491 -0.0040487 171679 0.0174806 57.0949
0.0233342 -0.0169371  0.0189351  0.00929818  0.00265511 -0.00404822 171679 0.0174806 56.9077
