0.00884163 -0.00852747   0.0075317   0.0130365   0.0118288 -0.00112915 165816 0.0403728 41.3024
0.0121787 -0.0121613  0.0111743   0.0177058   0.0144487 -0.00151628 167146 0.0347771 41.3457
0.0135696 -0.0137591  0.0132168   0.0190402   0.0140025 -0.00165471 167836 0.0321841 41.4509
0.0143301 -0.0144844  0.0145809   0.0189996   0.0126947 -0.00175512 168207 0.0303062 41.3791
0.0148513 -0.0148221    0.01565   0.0184322   0.0112389 -0.00185852 168575 0.0288491 41.3841
0.0153361 -0.0150094  0.0165224   0.0176962  0.00998121 -0.00197645 168876 0.0276243 41.4711
0.0158432 -0.0151282  0.0172287  0.0169205 0.00895134 -0.0021133 169060 0.0265864 41.3979
0.016369 -0.0152117  0.0177983   0.0161747  0.00817616 -0.00224477 169268 0.0257127 41.3524
0.0168439 -0.0152836  0.0182734   0.0155037  0.00752051 -0.00237718 169424 0.0250097 41.5149
0.0172893 -0.0153298   0.018643   0.0148579  0.00700721 -0.00250317 169630 0.0244923 41.5186
0.0177325 -0.0153807  0.0189161   0.0142662  0.00665603 -0.00264367 169741 0.0240446 41.4248
0.018153 -0.0154426  0.0190879   0.0137554  0.00640808 -0.00277373 169825 0.0237017 41.4317
0.0185451 -0.0155217  0.0191698   0.0133276  0.00622593 -0.00287811 169929 0.0234237 41.363
0.0188956 -0.0155867  0.0191832   0.0129221  0.00607988 -0.00297814 170017 0.023189 41.4013
0.0192082 -0.0156502  0.0191564   0.0125646  0.00598558 -0.00306776 170059 0.0230031 41.4972
0.0194846 -0.0157173   0.019089   0.0122587   0.0059197 -0.00315687 170108 0.022869 41.436
0.019733 -0.0157833  0.0189861   0.0119971  0.00588489 -0.00324489 170147 0.0227399 41.2931
0.0199701 -0.0158416  0.0188548   0.0117557  0.00588815 -0.00333213 170179 0.0226518 41.2999
0.0201899 -0.0159052  0.0186928    0.011551  0.00591335 -0.00341357 170199 0.0225681 41.4565
0.0203943 -0.0159678   0.018513   0.0113688  0.00594786 -0.00347069 170271 0.0224995 41.4136
0.0205874 -0.0160352  0.0183302   0.0112242   0.0059902 -0.00352209 170317 0.0224335 41.4301
0.0207608 -0.0160968  0.0181492   0.0111015  0.00603099 -0.00356605 170307 0.0223894 41.4061
0.0209188 -0.0161498  0.0179792   0.0109917  0.00607747 -0.00360614 170297 0.0223373 41.3824
0.0210494 -0.0162048  0.0178121   0.0109002  0.00610394 -0.00363445 170313 0.0222964 41.4008
0.0211657 -0.0162591  0.0176491   0.0108203  0.00612341 -0.00366297 170308 0.0222719 41.4829
0.0212692 -0.0163069  0.0174833   0.0107417  0.00613311 -0.00369175 170306 0.0222487 41.3988
0.0213715 -0.0163558   0.017332   0.0106792  0.00615076 -0.00371124 170309 0.022221 41.3483
0.0214702 -0.0164019  0.0171847  0.0106288 0.00617937 -0.0037322 170286 0.0221974 41.3854
0.0215726 -0.0164445  0.0170485   0.0105882  0.00622042 -0.00375426 170297 0.0221755 41.4268
0.0216686 -0.0164825  0.0169139   0.0105504  0.00625426 -0.00376901 170302 0.0221593 41.4429
0.0217515 -0.0165224  0.0167833   0.0105262  0.00627542 -0.00377893 170307 0.0221475 41.3824
0.0218298 -0.0165598  0.0166602   0.0105114  0.00629529 -0.00378246 170318 0.0221351 41.3846
0.0219091 -0.0165998  0.0165388  0.0105105  0.0063203 -0.0037868 170317 0.0221249 41.2932
0.0219892 -0.0166384   0.016421   0.0105108  0.00635235 -0.00378709 170336 0.0221115 41.4335
0.022064 -0.0166757  0.0163093  0.0105188 0.00638524 -0.0037848 170348 0.0221026 41.3684
0.0221371 -0.0167096   0.016199   0.0105238  0.00641714 -0.00378148 170343 0.0220924 41.3455
0.0222011 -0.0167424  0.0160946   0.0105335  0.00644286 -0.00377728 170329 0.0220837 41.3285
0.0222594 -0.0167706  0.0159991   0.0105445  0.00646527 -0.00377506 170328 0.0220785 41.3783
0.0223114 -0.0167952  0.0159064  0.0105521 0.00648208 -0.0037697 170329 0.0220715 41.3322
0.0223625 -0.016815 0.0158194   0.0105579  0.00650189 -0.00376405 170333 0.0220647 41.5208
0.0224137 -0.0168353   0.015739   0.0105677  0.00652371 -0.00375862 170340 0.0220638 41.3594
0.0224645 -0.0168531  0.0156685   0.0105764  0.00654919 -0.00375536 170341 0.0220584 41.2499
0.0225039 -0.0168684  0.0156038   0.0105847  0.00656381 -0.00374911 170349 0.0220575 41.3122
0.0225424 -0.0168818  0.0155421   0.0105908  0.00657684 -0.00374514 170359 0.0220561 41.443
0.022579 -0.0168964  0.0154848  0.0106015 0.00659263 -0.0037407 170367 0.0220531 41.3487
0.0226122 -0.0169058  0.0154261  0.0106027 0.00660633  -0.003738 170369 0.0220509 41.3109
0.0226444 -0.0169162  0.0153763   0.0106077   0.0066232 -0.00373661 170372 0.0220494 41.3223
0.0226712 -0.0169257  0.0153289   0.0106101  0.00663477 -0.00373371 170382 0.0220503 41.3703
0.0226942 -0.0169328  0.0152865   0.0106096  0.00664165 -0.00373289 170380 0.0220493 41.4215
0.0227164 -0.0169393  0.0152501   0.0106097  0.00665132 -0.00373017 170377 0.0220489 41.4112
0.0227378 -0.0169483  0.0152173   0.0106167  0.00666236 -0.00372791 170381 0.0220478 41.301
0.0227544 -0.0169538  0.0151851  0.0106194 0.00666735  -0.003725 170391 0.0220472 41.4118
0.0227713 -0.0169595  0.0151573   0.0106242  0.00667435 -0.00372376 170395 0.0220454 41.2872
0.0227854 -0.0169654  0.0151319   0.0106302  0.00667895 -0.00372027 170400 0.0220476 41.3444
0.0227992 -0.0169715  0.0151103  0.0106383 0.00668376 -0.0037163 170403 0.0220468 41.3494
0.022813 -0.0169769  0.0150907   0.0106469  0.00669143 -0.00371126 170400 0.0220461 41.4636
0.0228225 -0.016983 0.0150722    0.010657  0.00669387 -0.00370684 170397 0.0220463 41.3399
0.0228307 -0.0169875  0.0150564   0.0106651  0.00669505 -0.00370233 170397 0.0220455 41.4191
0.0228392  -0.01699 0.0150429   0.0106703  0.00669743 -0.00369987 170397 0.0220454 41.3301
0.0228469 -0.0169929   0.015031   0.0106769  0.00669954 -0.00369716 170396 0.0220451 41.4158
0.0228547 -0.0169963  0.0150189    0.010685   0.0067019 -0.00369386 170402 0.0220447 41.4166
0.0228612 -0.0169989  0.0150078   0.0106914   0.0067041 -0.00369081 170405 0.0220442 41.3561
0.0228673 -0.0170012  0.0149966    0.010697  0.00670674 -0.00368955 170404 0.0220433 41.4176
0.0228732 -0.0170039  0.0149866   0.0107024     0.00671 -0.00368805 170405 0.0220433 41.486
0.0228785 -0.017006 0.0149771   0.0107065  0.00671207 -0.00368454 170407 0.0220431 41.2901
0.0228823 -0.017008 0.0149691   0.0107105  0.00671217 -0.00368187 170405 0.0220425 41.4836
0.0228865 -0.0170106  0.0149601   0.0107158  0.00671268 -0.00367931 170405 0.0220425 41.3878
0.0228912 -0.0170123   0.014952   0.0107202  0.00671371 -0.00367711 170404 0.0220415 41.379
0.0228951 -0.0170151  0.0149436   0.0107257  0.00671393 -0.00367551 170405 0.0220417 41.4536
0.0228984 -0.0170162  0.0149362   0.0107291  0.00671343 -0.00367321 170407 0.0220416 41.5547
0.022903 -0.0170189  0.0149282   0.0107345  0.00671467 -0.00367172 170411 0.0220413 41.2762
0.0229065 -0.0170198  0.0149203   0.0107374  0.00671493 -0.00366847 170414 0.0220413 41.3823
0.0229105 -0.0170229  0.0149141   0.0107436  0.00671633 -0.00366686 170414 0.0220418 41.3917
0.022914 -0.0170247  0.0149087   0.0107475  0.00671719 -0.00366479 170415 0.0220416 41.3455
0.0229168 -0.0170263   0.014905   0.0107514  0.00671853 -0.00366357 170414 0.0220417 41.4065
0.0229184 -0.0170275   0.014902   0.0107548  0.00671855 -0.00366307 170408 0.022042 41.397
0.0229193 -0.0170282  0.0148985  0.0107575  0.0067178 -0.0036621 170407 0.0220421 41.4917
0.0229208 -0.0170291  0.0148955   0.0107602  0.00671758 -0.00366089 170409 0.022042 41.441
0.0229225 -0.0170292  0.0148922    0.010762  0.00671768 -0.00365921 170410 0.0220419 41.3145
0.0229248 -0.0170304  0.0148902   0.0107651  0.00671907 -0.00365763 170410 0.0220418 41.2428
0.0229264 -0.0170319  0.0148875   0.0107687  0.00671892 -0.00365665 170412 0.0220417 41.3479
0.0229272 -0.0170317  0.0148847   0.0107689  0.00671769 -0.00365474 170420 0.0220411 41.2708
0.0229287 -0.0170319  0.0148827     0.01077  0.00671819 -0.00365377 170415 0.0220417 41.2604
0.0229296 -0.0170317  0.0148814   0.0107703  0.00671809 -0.00365353 170416 0.0220418 41.3248
0.0229301 -0.0170316  0.0148799   0.0107708  0.00671726 -0.00365317 170422 0.0220415 41.4825
0.0229306 -0.0170318  0.0148784   0.0107719  0.00671733 -0.00365174 170420 0.0220417 41.456
0.0229311 -0.0170318  0.0148773   0.0107731  0.00671725 -0.00365102 170414 0.0220423 41.379
0.0229314 -0.0170323  0.0148763   0.0107745  0.00671759 -0.00365089 170415 0.0220422 41.3324
0.0229317 -0.0170324  0.0148751    0.010775  0.00671765 -0.00364982 170421 0.0220417 41.3407
0.0229323 -0.0170322  0.0148736    0.010775  0.00671742 -0.00364874 170421 0.0220417 41.3498
0.022933 -0.017032 0.0148724   0.0107754  0.00671783 -0.00364838 170414 0.0220423 41.5038
0.022934 -0.0170321  0.0148715   0.0107766  0.00671867 -0.00364826 170414 0.0220423 41.3259
0.0229345 -0.0170325  0.0148709   0.0107776  0.00671924 -0.00364729 170415 0.0220422 41.5044
0.0229344 -0.0170326  0.0148698   0.0107788  0.00671866 -0.00364717 170415 0.0220423 41.3251
0.0229346 -0.017032 0.0148683   0.0107787  0.00671827 -0.00364694 170422 0.0220417 41.3984
0.0229351 -0.0170329  0.0148674   0.0107807  0.00671873 -0.00364609 170421 0.0220418 41.5089
0.0229355 -0.0170336  0.0148667  0.0107826 0.00671901 -0.0036462 170416 0.0220422 41.3992
0.0229364 -0.0170341  0.0148665   0.0107835   0.0067197 -0.00364619 170416 0.0220422 41.3695
0.0229369 -0.0170346  0.0148661   0.0107845  0.00672007 -0.00364642 170417 0.0220422 41.3578
0.022937 -0.0170347  0.0148656   0.0107848  0.00672023 -0.00364654 170417 0.0220422 41.4241
