0.00876226 -0.00856696  0.00763785  0.0131132  0.0115291 -0.0011493 166290 0.040301 67.6099
0.012261 -0.0123552  0.0115199   0.0181043   0.0142728 -0.00168156 167740 0.0342762 67.8564
0.0138224 -0.0140465  0.0138103  0.0196365  0.0139586 -0.0019216 168466 0.0313389 67.914
0.0146847 -0.0148363  0.0153877   0.0197261   0.0126696 -0.00206688 168880 0.0291774 67.6292
0.0152594 -0.0151899  0.0166494  0.0191862  0.0111355 -0.0021717 169270 0.0274033 67.822
0.0157424 -0.0153468  0.0176971   0.0183907  0.00967037 -0.00227621 169599 0.0258788 67.687
0.0162118 -0.015445 0.0185929   0.0175633  0.00836411 -0.00239696 169864 0.0245259 67.643
0.016648 -0.0154772  0.0193576   0.0166967  0.00718976 -0.00251269 170074 0.0233303 67.7324
0.0170386 -0.0154855  0.0200293   0.0158673  0.00614049 -0.00259975 170291 0.022326 67.7071
0.0174138 -0.0154955    0.02062   0.0151044  0.00524267 -0.00271387 170538 0.0214568 68.045
0.0177812 -0.0154948  0.0211167   0.0143675  0.00448666 -0.00281245 170688 0.0207378 67.9405
0.0181416 -0.0155075  0.0215276   0.0137086  0.00384983 -0.00292317 170811 0.0201202 67.569
0.0184813 -0.0155309  0.0218413   0.0131139  0.00332576 -0.00303608 170949 0.0196143 67.7637
0.0188169 -0.0155703   0.022081   0.0125973  0.00292337 -0.00313039 171074 0.0191782 67.8937
0.0191246 -0.0156197  0.0222551   0.0121533  0.00259063 -0.00323516 171181 0.0188332 67.7619
0.0194218 -0.0156604  0.0223917   0.0117349  0.00233814 -0.00333244 171235 0.018539 67.7928
0.0197093 -0.0157002  0.0224807   0.0113519  0.00216045 -0.00342853 171332 0.0183043 67.8101
0.0199796 -0.0157363  0.0225285   0.0109995  0.00204176 -0.00351725 171413 0.018121 67.6396
0.0202324 -0.0157771  0.0225417   0.0106935   0.0019688 -0.00359968 171488 0.0179699 67.7693
0.0204672 -0.0158273  0.0225175    0.010434   0.0019274 -0.00368742 171481 0.0178401 67.5615
0.0206766 -0.015882 0.0224487    0.010203  0.00189083 -0.00377388 171507 0.0177288 67.8675
0.0208776 -0.0159291  0.0223581  0.00998287  0.00188326 -0.00383958 171498 0.0176359 67.875
0.0210587 -0.0159794   0.022249 0.00979011 0.00187637 -0.0039035 171492 0.0175456 67.6608
0.0212303 -0.016026 0.0221345  0.00961715  0.00188295 -0.00396368 171506 0.0174737 67.861
0.0213862 -0.0160661  0.0220233  0.00946052  0.00189867 -0.00400941 171530 0.0174181 67.741
0.0215298 -0.0161029   0.021914  0.00932418  0.00192023 -0.00405137 171556 0.0173699 67.6357
0.0216699 -0.0161415    0.02181  0.00921272  0.00195325 -0.00409404 171597 0.0173351 67.9458
0.0217949 -0.0161815  0.0216979  0.00911714  0.00197549 -0.00412647 171605 0.0173021 67.795
0.0219026 -0.0162207   0.021585  0.00903641  0.00199029 -0.00414583 171607 0.0172741 67.936
0.0220026 -0.016258 0.0214716  0.00896786  0.00200448 -0.00416975 171614 0.0172477 67.7295
0.022096 -0.0162969   0.021354  0.00891256  0.00201997 -0.00419105 171603 0.0172281 67.5762
0.0221865 -0.016331  0.021243 0.00885687 0.00204492 -0.0042143 171597 0.0172086 67.8182
0.0222732  -0.01637 0.0211374  0.00881474  0.00207654 -0.00423465 171608 0.0171871 67.7873
0.0223524 -0.0164029   0.021034  0.00877383  0.00210319 -0.00425269 171598 0.0171752 67.635
0.0224219 -0.0164329  0.0209394  0.00874138  0.00212809 -0.00426719 171599 0.0171618 67.7852
0.0224886 -0.0164591  0.0208466   0.0087077  0.00215374 -0.00427804 171604 0.0171481 67.9949
0.0225489 -0.0164853   0.020756  0.00868096  0.00217339 -0.00429152 171582 0.0171387 67.8624
0.022601 -0.0165085   0.020667  0.00865414  0.00218652 -0.00429824 171564 0.0171303 67.7467
0.0226517 -0.0165381  0.0205853  0.00864446  0.00220282 -0.00430599 171558 0.0171227 67.5481
0.0226974 -0.016558 0.0205072  0.00862476  0.00221564 -0.00430978 171568 0.0171168 67.8019
0.0227459 -0.0165779  0.0204343  0.00861047  0.00223847 -0.00431869 171574 0.0171102 67.6896
0.022791 -0.0165982   0.020364  0.00860167   0.0022581 -0.00432593 171579 0.0171093 67.8459
0.0228337 -0.016619 0.0202992  0.00859723  0.00227669 -0.00433126 171577 0.0171083 67.5884
0.0228702 -0.0166397  0.0202362  0.00859567  0.00228683 -0.00433148 171578 0.0171067 67.673
0.0229074 -0.0166611  0.0201752  0.00859841  0.00230078 -0.00432955 171580 0.0171001 67.7862
0.0229412 -0.0166809  0.0201126 0.00860176 0.00230869  -0.004328 171588 0.0170952 67.6482
0.0229758 -0.0166986  0.0200578  0.00860684  0.00232059 -0.00432932 171587 0.0170916 67.6603
0.0230071 -0.0167147  0.0200061  0.00861062  0.00233086 -0.00432971 171583 0.017088 67.8233
0.0230354 -0.016727  0.019956  0.00861188  0.00233985 -0.00432966 171597 0.0170877 67.8036
0.0230609 -0.0167378  0.0199082   0.0086136  0.00234845 -0.00432736 171584 0.0170866 67.9356
0.0230845 -0.0167493  0.0198645  0.00861895  0.00235631 -0.00432805 171586 0.0170863 67.8596
0.0231066 -0.0167577  0.0198256  0.00861928  0.00236408 -0.00432423 171589 0.0170858 67.9143
0.0231274 -0.0167683  0.0197901  0.00862517   0.0023721 -0.00431956 171585 0.0170841 67.8606
0.0231455 -0.0167785  0.0197577  0.00863078  0.00237812 -0.00431693 171584 0.0170823 67.9073
0.0231628 -0.0167896  0.0197267  0.00863829  0.00238233 -0.00431406 171581 0.0170811 67.725
0.02318 -0.0167982  0.0196973  0.00864354  0.00238523 -0.00431096 171570 0.0170801 67.7883
0.0232005 -0.0168056  0.0196695  0.00864664  0.00239438 -0.00430787 171579 0.0170789 67.5814
0.0232179 -0.0168129  0.0196447  0.00865098  0.00240104 -0.00430574 171584 0.0170834 67.6821
0.023233 -0.0168188  0.0196217  0.00865386  0.00240622 -0.00430602 171574 0.0170852 67.6734
0.0232474 -0.0168247  0.0195992  0.00865695  0.00241096 -0.00430403 171574 0.0170853 67.7547
0.0232606 -0.0168292  0.0195795  0.00865965  0.00241495 -0.00430229 171578 0.017085 67.9034
0.0232735 -0.0168347  0.0195605 0.00866409 0.00241884 -0.0043015 171567 0.0170857 67.6128
0.0232852 -0.0168397  0.0195443  0.00866977  0.00242354 -0.00429845 171565 0.0170855 67.6667
0.0232942 -0.0168431  0.0195302  0.00867425  0.00242581 -0.00429637 171566 0.0170853 67.7581
0.0233056 -0.0168469  0.0195155  0.00867854  0.00243037 -0.00429405 171577 0.0170847 67.8707
0.0233159 -0.0168514  0.0195031  0.00868483  0.00243391 -0.00429231 171571 0.0170849 67.8579
0.0233262 -0.0168554  0.0194918  0.00869056  0.00243761 -0.00428975 171576 0.0170844 67.5702
0.0233348 -0.0168587  0.0194788  0.00869558  0.00243981 -0.00428768 171581 0.0170843 67.6844
0.0233427 -0.0168614  0.0194665   0.0086992  0.00244199 -0.00428597 171576 0.0170841 67.9633
0.0233501 -0.0168649  0.0194555  0.00870387  0.00244349 -0.00428557 171578 0.0170841 67.7202
0.0233567 -0.0168679  0.0194451  0.00870769  0.00244425 -0.00428254 171575 0.0170845 67.7988
0.0233639 -0.0168722  0.0194362  0.00871372  0.00244628 -0.00428023 171582 0.0170842 67.8484
0.0233719 -0.0168767  0.0194275  0.00872048  0.00245039 -0.00427778 171586 0.0170843 67.9349
0.0233774 -0.016881 0.0194189  0.00872689  0.00245062 -0.00427666 171584 0.0170841 67.7485
0.0233831 -0.0168834  0.0194102  0.00872975    0.002451 -0.00427532 171587 0.0170841 67.6466
0.0233895 -0.0168851   0.019403  0.00873203   0.0024531 -0.00427433 171585 0.017084 67.8032
0.0233951 -0.0168878  0.0193967  0.00873536  0.00245545 -0.00427466 171587 0.0170839 67.9682
0.0234001 -0.0168887  0.0193907  0.00873632  0.00245681 -0.00427428 171586 0.017084 67.6726
0.0234046 -0.0168898  0.0193853  0.00873771  0.00245706 -0.00427414 171585 0.0170838 67.9633
0.0234094 -0.0168913   0.019381  0.00873977  0.00245917 -0.00427316 171584 0.0170839 67.7631
0.0234137 -0.0168915  0.0193765  0.00874008  0.00245995 -0.00427232 171588 0.0170838 67.7754
0.0234172 -0.0168926  0.0193717  0.00874107  0.00245983 -0.00427063 171586 0.0170836 67.9144
0.02342 -0.0168942  0.0193672  0.00874301  0.00246004 -0.00427037 171588 0.0170839 67.6817
0.0234227 -0.0168956  0.0193634  0.00874524  0.00246091 -0.00427036 171587 0.0170841 67.8211
0.0234248 -0.0168962    0.01936  0.00874613  0.00246105 -0.00427106 171584 0.0170843 67.6771
0.0234271 -0.0168962  0.0193567    0.008745  0.00246172 -0.00427153 171582 0.0170844 67.7515
0.0234299 -0.0168962  0.0193537  0.00874421  0.00246298 -0.00427224 171583 0.0170844 67.8427
0.023433 -0.016897 0.0193515  0.00874491  0.00246528 -0.00427247 171583 0.0170844 67.9042
0.0234353 -0.0168972  0.0193485  0.00874498  0.00246664 -0.00427258 171586 0.0170845 67.6988
0.0234383 -0.0168982  0.0193462  0.00874622  0.00246895 -0.00427209 171587 0.0170844 67.6891
0.0234407 -0.0168981  0.0193435  0.00874575  0.00247048 -0.00427208 171584 0.0170846 67.8255
0.0234428 -0.0168982  0.0193409   0.0087461  0.00247217 -0.00427112 171584 0.0170846 67.6181
0.0234443 -0.0168987  0.0193386  0.00874778  0.00247295 -0.00427052 171581 0.0170843 67.5998
0.0234461 -0.0168989  0.0193368   0.0087492   0.0024744 -0.00427063 171582 0.0170845 67.7058
0.0234475 -0.0168987  0.0193351  0.00874965  0.00247499 -0.00426956 171584 0.0170844 67.9162
0.0234487 -0.0168991  0.0193337  0.00875136  0.00247527 -0.00426824 171584 0.0170843 67.7929
0.0234501 -0.0168997  0.0193323 0.00875294 0.00247601  -0.004268 171583 0.0170845 67.8139
0.0234507 -0.0169005  0.0193307  0.00875489  0.00247599 -0.00426739 171582 0.0170845 67.5323
0.0234514 -0.0169012  0.0193285  0.00875592  0.00247589 -0.00426643 171580 0.0170846 67.8254
0.023452 -0.0169013  0.0193263  0.00875655  0.00247561 -0.00426631 171580 0.0170848 67.7187
