0.00877409 -0.00859706  0.00769135   0.0131721   0.0114853 -0.00119507 166354 0.0402234 73.8606
0.0122998 -0.0124342  0.0116382   0.0182449   0.0142094 -0.00176864 167849 0.0340696 74.0105
0.013917 -0.0141794  0.0140066  0.0198605  0.0139258 -0.0020523 168602 0.0310139 74.0373
0.014829 -0.014986 0.0156502   0.0199694   0.0126628 -0.00222789 169070 0.0287805 74.1815
0.0154432 -0.0153495  0.0169545   0.0194177   0.0111438 -0.00234542 169488 0.026926 73.8934
0.0159689 -0.0155236   0.018054   0.0186268  0.00969558 -0.00247508 169811 0.0252916 73.8094
0.0164577 -0.0156163  0.0189808   0.0177689  0.00837838 -0.00261289 170090 0.0238499 74.0347
0.0169108 -0.0156521  0.0197903   0.016886 0.00718248 -0.0027389 170326 0.0225673 73.8962
0.0173134 -0.015653 0.0205163   0.0160299  0.00609578 -0.00283126 170565 0.021466 73.8759
0.0176826 -0.0156595  0.0211604   0.0152392  0.00511722 -0.00293691 170834 0.020517 73.9054
0.0180409 -0.0156523  0.0217189  0.0144657 0.00425755 -0.0030414 171022 0.0196797 73.8057
0.018364 -0.0156564   0.022183   0.0137622  0.00347577 -0.00315164 171173 0.0189428 73.6497
0.0186653 -0.0156688  0.0225756   0.0131328   0.0027889 -0.00324505 171335 0.018319 73.9672
0.018939 -0.0156838  0.0228983   0.0125533  0.00215696 -0.00333918 171511 0.0177763 73.8988
0.019193 -0.0156918  0.0231766   0.0119981  0.00160079 -0.00341621 171628 0.0173149 73.7695
0.0194372 -0.0157029  0.0234206   0.0114887  0.00113111 -0.00349717 171730 0.0169333 73.7745
0.019665 -0.0157175  0.0236206   0.0110311 0.000729119 -0.00359039 171818 0.0166157 74.156
0.0198734 -0.015739 0.0237748   0.0106221 0.000384528 -0.00367791 171894 0.0163443 74.0222
0.0200864 -0.0157643  0.0238982   0.0102501 0.000115629 -0.00375712 171938 0.0161275 73.975
0.0202902 -0.0157952  0.0239758   0.00992107 -0.000112039  -0.00383015 172020 0.0159385 73.8563
0.0204858 -0.0158312  0.0240226   0.00963267 -0.000289598  -0.00389709 172104 0.0157834 73.7803
0.0206741 -0.015866 0.0240285   0.00936755 -0.000426317  -0.00395074 172151 0.0156523 73.8484
0.0208466 -0.0159066  0.0240179   0.00914157 -0.000536269  -0.00400555 172178 0.0155432 73.8072
0.0210013 -0.0159479  0.0239763   0.00894456 -0.000628036  -0.00406501 172180 0.015454 73.9484
0.0211488 -0.0159902  0.0239179   0.00877279 -0.000692638  -0.00411268 172211 0.0153823 74.0606
0.0212904 -0.0160299  0.0238574   0.00862268 -0.000728505  -0.00416169 172236 0.0153188 73.9513
0.0214202 -0.0160685  0.0237961   0.00849558 -0.000751759  -0.00420475 172241 0.0152614 73.9147
0.0215422 -0.0161004   0.023722   0.00837759 -0.000760718  -0.00424441 172213 0.0152182 73.7334
0.0216568 -0.0161297  0.0236461   0.00827144 -0.000753306  -0.00427706 172208 0.0151853 74.0404
0.0217615 -0.0161589  0.0235696   0.00817935 -0.000746963  -0.00430386 172217 0.015154 73.7546
0.0218592 -0.0161888  0.0234894  0.00810522 -0.00073908 -0.00432755 172203 0.0151296 74.0907
0.0219498 -0.0162199  0.0233985   0.00804408 -0.000735793  -0.00434693 172201 0.0151103 73.9785
0.0220325 -0.016249 0.0233074   0.00798962 -0.000733168  -0.00435906 172191 0.0150866 73.8259
0.022105 -0.0162758  0.0232159   0.00794087 -0.000731742  -0.00437465 172196 0.0150658 73.66
0.0221763 -0.0163051  0.0231282   0.00790341 -0.000720287  -0.00438449 172211 0.0150494 73.9706
0.0222423 -0.0163299  0.0230455   0.00786776 -0.000704968  -0.00439318 172194 0.0150341 73.8924
0.0222992 -0.0163575  0.0229674   0.00784763 -0.000694403  -0.00439933 172219 0.0150249 73.8713
0.0223531 -0.0163811  0.0228897    0.0078263 -0.000684668  -0.00440491 172211 0.0150165 73.9046
0.0224034 -0.0164024  0.0228118  0.00780869 -0.00067547 -0.00440849 172208 0.0150089 73.9402
0.0224542 -0.0164244  0.0227415   0.00779707 -0.000662282  -0.00440728 172213 0.0150028 73.7925
0.0225023 -0.0164434   0.022677   0.00778441 -0.000648845  -0.00440777 172218 0.0149986 74.0275
0.0225489 -0.016464  0.022612   0.00777906 -0.000634575  -0.00441123 172218 0.0149931 73.8984
0.0225961 -0.0164807  0.0225491   0.00777161 -0.000617388  -0.00441328 172191 0.0149889 73.8719
0.022641 -0.0164994  0.0224904   0.00777122 -0.000600159  -0.00441842 172193 0.0149849 73.9873
0.0226844 -0.0165161  0.0224318   0.00776952 -0.000581189  -0.00442023 172190 0.0149799 73.7843
0.0227192 -0.0165309  0.0223742  0.00776736 -0.00057285 -0.00442252 172194 0.0149805 73.7197
0.0227525 -0.0165461  0.0223212   0.00776575 -0.000562439  -0.00442136 172196 0.0149764 73.844
0.022788 -0.016562 0.0222707   0.00776764 -0.000546363  -0.00442281 172204 0.0149711 73.9421
0.0228243 -0.016576 0.0222248   0.00776769 -0.000525446  -0.00442308 172204 0.0149671 73.9362
0.0228567 -0.0165884  0.0221808   0.00776759 -0.000510089  -0.00442659 172193 0.014965 74.1003
0.0228868 -0.0165992  0.0221379   0.00776258 -0.000495085  -0.00442485 172196 0.0149682 74.0586
0.0229138 -0.0166097   0.022092   0.00775966 -0.000483649  -0.00442443 172190 0.0149685 73.7351
0.0229408 -0.0166197  0.0220516  0.00775888 -0.00047155 -0.00442461 172185 0.0149674 73.8696
0.0229693 -0.0166314  0.0220125   0.00776231 -0.000457778  -0.00442394 172183 0.0149645 74.097
0.0229967 -0.0166399  0.0219758   0.00776222 -0.000444173  -0.00442282 172184 0.0149636 74.2134
0.0230208 -0.016651 0.0219414   0.00776732 -0.000433209  -0.00442048 172186 0.0149614 73.9187
0.0230415 -0.0166598  0.0219083   0.00776996 -0.000426848  -0.00441792 172178 0.0149601 73.7927
0.0230632 -0.0166695   0.021879   0.00777447 -0.000417435  -0.00441619 172189 0.0149562 74.0282
0.0230811 -0.0166785  0.0218484    0.0077785 -0.000411571  -0.00441244 172181 0.0149543 73.7753
0.0231002 -0.0166849  0.0218204   0.00777942 -0.000401803  -0.00440894 172176 0.0149532 73.9596
0.0231178 -0.0166929  0.0217936   0.00778509 -0.000393072  -0.00440627 172182 0.0149523 73.774
0.0231301 -0.0166998  0.0217686   0.00778914 -0.000391213  -0.00440276 172178 0.0149541 73.8729
0.0231424 -0.0167079  0.0217461   0.00779603 -0.000387114  -0.00440187 172176 0.0149518 73.6872
0.0231548 -0.0167136  0.0217276   0.00779925 -0.000382568  -0.00439957 172173 0.0149513 73.8385
0.0231654 -0.0167189   0.021713   0.00780287 -0.000378454  -0.00439858 172181 0.0149506 74.0627
0.0231749 -0.0167235  0.0216994  0.00780607 -0.00037567 -0.00439915 172177 0.0149505 73.7048
0.0231862 -0.0167283  0.0216866   0.00780919 -0.000370018  -0.00439971 172177 0.01495 73.799
0.0232003 -0.0167319  0.0216729   0.00780894 -0.000359858  -0.00440053 172179 0.0149492 73.9033
0.0232122 -0.0167371   0.021659    0.0078114 -0.000352908  -0.00440097 172182 0.0149484 73.8247
0.0232226 -0.0167398   0.021645    0.0078106 -0.000347353   -0.0043994 172179 0.0149477 73.9068
0.0232303 -0.0167418  0.0216303   0.00780957 -0.000344899  -0.00439903 172174 0.0149482 73.8236
0.0232376 -0.0167451  0.0216164   0.00781062 -0.000343536  -0.00439949 172178 0.014948 73.8458
0.0232455 -0.0167504  0.0216042   0.00781484 -0.000341268  -0.00439957 172183 0.0149482 74.2129
0.0232506 -0.0167539  0.0215917  0.00781613 -0.00034162 -0.00440121 172175 0.0149492 73.915
0.0232569 -0.0167577  0.0215822  0.00781817 -0.00034005 -0.00440214 172186 0.0149481 73.9467
0.0232639 -0.0167618  0.0215731   0.00782075 -0.000335994  -0.00440128 172183 0.0149483 73.9723
0.0232677 -0.0167633  0.0215623   0.00781934 -0.000336788  -0.00440162 172176 0.0149475 73.753
0.0232745 -0.0167665  0.0215546   0.00782017 -0.000332235  -0.00440172 172176 0.0149475 73.9604
0.0232798 -0.0167686  0.0215476   0.00782011 -0.000328544  -0.00440278 172163 0.0149483 74.0618
0.0232839 -0.016771 0.0215413  0.00781986 -0.00032612 -0.00440491 172178 0.0149477 73.7346
0.0232864 -0.0167741   0.021534   0.00782102 -0.000325531  -0.00440572 172165 0.0149483 73.8231
0.0232894 -0.0167761  0.0215274   0.00782118 -0.000323793   -0.0044063 172163 0.0149483 73.6355
0.0232927 -0.0167791  0.0215207   0.00782211 -0.000322227  -0.00440676 172163 0.0149482 73.9989
0.0232964 -0.016781 0.0215143   0.00782269 -0.000320569  -0.00440758 172166 0.0149482 73.9208
0.0233001 -0.0167815  0.0215084   0.00782034 -0.000318579  -0.00440698 172167 0.0149481 73.9939
0.023304 -0.0167842  0.0215037   0.00782317 -0.000316971  -0.00440744 172176 0.0149474 74.032
0.0233077 -0.0167866  0.0214982   0.00782496 -0.000315823  -0.00440647 172164 0.0149486 73.9158
0.0233112 -0.0167892   0.021492   0.00782752 -0.000315174   -0.0044049 172175 0.0149478 73.8325
0.0233139 -0.0167918  0.0214849   0.00782904 -0.000316409   -0.0044044 172164 0.0149487 73.8789
0.0233164 -0.0167934  0.0214787   0.0078297 -0.00031759 -0.00440404 172164 0.0149489 73.8299
0.0233197 -0.0167946  0.0214731   0.00783032 -0.000317716  -0.00440295 172163 0.0149492 73.7267
0.0233236 -0.0167959  0.0214679   0.00783108 -0.000316613  -0.00440259 172175 0.0149484 73.9544
0.0233264 -0.0167973  0.0214628  0.00783247 -0.00031692 -0.00440127 172174 0.0149489 73.8875
0.0233284 -0.0167984  0.0214584   0.00783348 -0.000317546  -0.00440007 172163 0.0149497 73.7248
0.0233308 -0.0168005   0.021454   0.00783576 -0.000317162   -0.0043991 172162 0.0149497 73.82
0.0233336 -0.0168019  0.0214497     0.007837 -0.000316651  -0.00439849 172171 0.014949 74.0033
0.0233353 -0.0168037  0.0214456   0.00783962 -0.000316954  -0.00439884 172159 0.0149498 73.8569
0.0233383 -0.0168043  0.0214422   0.00784088 -0.000315608  -0.00439943 172161 0.0149501 74.1492
0.0233408 -0.0168047  0.0214398   0.00784144 -0.000314703  -0.00440002 172162 0.0149497 73.8828
0.0233425 -0.0168058  0.0214371   0.00784311 -0.000314649  -0.00440026 172162 0.0149497 73.8572
