0.00883228 -0.00851004  0.00751544   0.0130011   0.0118282 -0.00110888 165777 0.0404229 35.1379
0.012143 -0.0121044  0.0111153   0.0175749   0.0144174 -0.00148505 167056 0.0348719 35.0283
0.013508 -0.0136652  0.0131008   0.0188017   0.0139429 -0.00162106 167727 0.0323037 35.1284
0.0142537 -0.0143771  0.0144196  0.0186934  0.0126215 -0.0017349 168110 0.0304279 35.0718
0.0147742 -0.0147116  0.0154565   0.0180844   0.0111786 -0.00185186 168450 0.0289622 35.0988
0.0152589 -0.0148939  0.0162922    0.017309  0.00993209 -0.00198499 168732 0.0277481 35.0897
0.0157686 -0.0150163  0.0169801   0.0165186  0.00891688 -0.00212349 168946 0.0267162 35.114
0.0162981 -0.0151117  0.0175371   0.0157835  0.00815347 -0.00227063 169141 0.0258686 35.0081
0.0167814 -0.0151927  0.0180082   0.0151183  0.00751846 -0.00241717 169312 0.0251663 35.1753
0.0172277 -0.0152477  0.0183768   0.0144838  0.00701067 -0.00254971 169503 0.0246264 35.0922
0.0176756 -0.0153192  0.0186522    0.013939  0.00667233 -0.00268488 169615 0.0242015 35.0509
0.0180962 -0.0153944  0.0188172   0.0134711  0.00642454 -0.00281107 169731 0.0238553 35.162
0.0184872 -0.0154805  0.0188867   0.0130886  0.00626347 -0.00291942 169846 0.0235928 35.1164
0.0188371 -0.0155714  0.0188839   0.0127662  0.00614422 -0.00301232 169926 0.0233697 35.1617
0.0191361 -0.0156615  0.0188257   0.0125017  0.00606964 -0.00309511 170003 0.0232178 35.1621
0.0194019 -0.0157547  0.0187259   0.0122981  0.00603329 -0.00317606 170025 0.0230845 35.0755
0.0196379 -0.0158381  0.0185753   0.0121258   0.0060283 -0.00324614 170104 0.0229863 35.151
0.0198472 -0.0159189  0.0183824   0.0119843  0.00603951 -0.00331284 170132 0.0229211 35.2231
0.0200479 -0.015998 0.0181797   0.0118773  0.00607803 -0.00337056 170183 0.022855 35.184
0.0202342 -0.0160762  0.0179661   0.0117952  0.00612988 -0.00341037 170220 0.0227897 35.0912
0.0204056 -0.0161491  0.0177585   0.0117314  0.00618901 -0.00343841 170260 0.0227438 35.1753
0.0205547 -0.0162186  0.0175615   0.0116905  0.00623161 -0.00346948 170247 0.0227051 35.0851
0.0206879 -0.0162725  0.0173742   0.0116459  0.00627857 -0.00348867 170246 0.022672 35.0929
0.0207968 -0.0163254  0.0172071   0.0116178  0.00630759 -0.00349907 170270 0.0226538 34.9902
0.0208951 -0.016371  0.017051   0.0115929  0.00633646 -0.00351081 170268 0.0226306 35.1389
0.0209815 -0.0164106  0.0169054   0.0115738  0.00636083 -0.00351398 170261 0.0226169 35.0523
0.0210608 -0.0164494  0.0167676   0.0115636  0.00638315 -0.00351257 170261 0.0226071 35.1843
0.0211353 -0.0164928  0.0166452   0.0115681  0.00640512 -0.00351315 170259 0.0225988 35.07
0.0212097 -0.0165262  0.0165324   0.0115652  0.00642943 -0.00351313 170268 0.0225868 35.1158
0.0212805 -0.0165606  0.0164274   0.0115731  0.00645623 -0.00350764 170278 0.0225764 35.0981
0.0213474 -0.016591 0.0163204   0.0115789  0.00648002 -0.00350603 170288 0.0225669 35.1841
0.0214091 -0.0166214  0.0162172   0.0115887  0.00649945 -0.00350362 170298 0.0225599 35.1063
0.0214733 -0.0166455  0.0161256   0.0115977  0.00652898 -0.00350055 170306 0.0225499 35.2643
0.0215345 -0.0166656  0.0160365   0.0116045  0.00655867 -0.00349384 170312 0.0225454 35.0982
0.0215861 -0.0166855  0.0159585   0.011619 0.00657825 -0.0034847 170324 0.0225403 35.2611
0.0216353 -0.0167095  0.0158809    0.011643  0.00659656 -0.00347397 170331 0.0225349 35.171
0.0216825 -0.0167307  0.0158028   0.0116649  0.00661323 -0.00346209 170339 0.0225287 35.1827
0.0217248 -0.0167517  0.0157328   0.0116897  0.00662723 -0.00345192 170338 0.0225267 35.16
0.0217661 -0.0167709  0.0156675   0.0117138  0.00664254 -0.00344082 170329 0.0225249 35.1656
0.0218062 -0.0167885  0.0156031   0.0117382  0.00665923 -0.00343046 170318 0.0225228 35.1276
0.0218446 -0.016803 0.0155463   0.0117577   0.0066742 -0.00341871 170323 0.0225198 35.2465
0.0218756 -0.0168172   0.015491   0.0117788  0.00668316 -0.00340642 170333 0.0225166 35.2282
0.0219043 -0.0168307  0.0154379   0.0118019  0.00669112 -0.00339428 170331 0.022515 35.2896
0.0219346 -0.0168425   0.015393  0.0118253  0.0067042 -0.0033819 170333 0.0225131 35.107
0.0219647 -0.0168534  0.0153494   0.0118478  0.00671657 -0.00337072 170330 0.0225131 35.0874
0.0219918 -0.0168656  0.0153068   0.0118716  0.00672627 -0.00335955 170325 0.0225118 35.1353
0.0220156 -0.0168765  0.0152695   0.0118937  0.00673376 -0.00334866 170323 0.0225104 35.1365
0.022037 -0.0168842   0.015237   0.0119108  0.00674079 -0.00333805 170330 0.0225095 35.1159
0.0220574 -0.0168909  0.0152073   0.0119278  0.00674908 -0.00333057 170334 0.0225091 35.1344
0.0220783 -0.0168964  0.0151799   0.0119414  0.00675703 -0.00332083 170339 0.0225085 35.2758
0.0220967 -0.0169025  0.0151545  0.0119546 0.00676329  -0.003313 170346 0.0225074 35.1824
0.0221145 -0.0169081  0.0151346   0.0119671  0.00677231 -0.00330507 170348 0.0225071 35.0381
0.0221279 -0.0169119  0.0151179    0.011978  0.00677825 -0.00329921 170354 0.0225055 35.1601
0.0221401 -0.0169162  0.0151035   0.0119887  0.00678364 -0.00329431 170352 0.0225056 35.1849
0.02215 -0.0169196  0.0150891   0.0119986  0.00678744 -0.00329003 170353 0.0225058 35.2492
0.0221601 -0.0169224  0.0150759    0.012006  0.00679221 -0.00328564 170355 0.0225044 35.0533
0.0221691 -0.0169266  0.0150634   0.0120153  0.00679594 -0.00328064 170349 0.0225046 35.1385
0.0221763 -0.0169286  0.0150512    0.012021  0.00679729 -0.00327759 170347 0.0225047 35.1398
0.0221842 -0.0169303  0.0150391   0.0120271  0.00680092 -0.00327347 170347 0.0225049 35.0696
0.0221906 -0.0169318  0.0150271   0.0120336  0.00680269 -0.00327031 170349 0.0225049 35.1403
0.0221974 -0.0169338   0.015018   0.0120399  0.00680611 -0.00326714 170353 0.0225045 35.137
0.0222027 -0.0169346  0.0150091   0.0120442   0.0068071 -0.00326435 170352 0.0225043 35.1825
0.0222083 -0.0169362  0.0150012   0.0120491  0.00680988 -0.00326072 170353 0.0225038 35.1169
0.0222117 -0.0169378  0.0149947   0.0120546  0.00681011 -0.00325746 170352 0.0225039 35.1431
0.0222148 -0.0169387  0.0149882   0.0120586  0.00681114 -0.00325576 170353 0.0225041 35.2548
0.0222173 -0.0169395  0.0149836    0.012062  0.00681225 -0.00325418 170352 0.0225042 35.0325
0.0222191 -0.0169408  0.0149788    0.012065  0.00681181 -0.00325368 170352 0.0225043 35.1344
0.0222212 -0.0169416  0.0149753   0.0120674  0.00681222 -0.00325222 170354 0.0225041 35.1781
0.022224 -0.016942 0.0149723   0.0120695  0.00681406 -0.00325029 170354 0.0225037 35.1104
0.0222262 -0.0169417  0.0149698   0.0120701  0.00681561 -0.00324873 170356 0.0225036 35.0682
0.0222278 -0.0169428  0.0149679   0.0120734  0.00681668 -0.00324752 170354 0.0225034 35.2202
0.0222286 -0.0169431   0.014966   0.0120756  0.00681707 -0.00324596 170355 0.0225034 35.1792
0.0222299 -0.0169437  0.0149646   0.0120781  0.00681825 -0.00324535 170353 0.0225027 35.2117
0.0222308 -0.0169439   0.014964   0.0120793  0.00681938 -0.00324474 170352 0.0225027 35.2246
0.0222315 -0.016944 0.0149632   0.0120805  0.00681985 -0.00324462 170352 0.0225028 35.1266
0.022232 -0.0169438  0.0149627    0.012081  0.00681995 -0.00324498 170351 0.0225026 35.1249
0.0222327 -0.0169439  0.0149622   0.0120817   0.0068205 -0.00324509 170350 0.0225025 35.186
0.0222329 -0.0169439  0.0149618   0.0120821  0.00682083 -0.00324461 170350 0.0225025 35.111
0.0222333 -0.0169439  0.0149617   0.0120828  0.00682145 -0.00324425 170350 0.0225025 35.1431
0.0222334 -0.0169441  0.0149614   0.0120833  0.00682149 -0.00324377 170350 0.0225025 35.1026
0.0222338 -0.0169442  0.0149614   0.0120831  0.00682197 -0.00324377 170350 0.0225026 35.05
0.0222338 -0.0169442  0.0149614   0.0120827  0.00682193 -0.00324377 170350 0.0225026 35.1405
0.0222338 -0.0169442  0.0149614   0.0120825  0.00682187 -0.00324377 170350 0.0225026 35.2102
0.0222338 -0.0169442  0.0149613    0.012082  0.00682188 -0.00324401 170350 0.0225027 35.1937
0.022234 -0.0169443  0.0149614   0.0120816  0.00682214 -0.00324425 170350 0.0225028 34.9895
0.022234 -0.0169445  0.0149611  0.0120816 0.00682223  -0.003244 170350 0.0225029 35.2103
0.0222341 -0.0169445   0.014961   0.0120812  0.00682215 -0.00324341 170350 0.0225029 35.1071
0.0222341 -0.0169446  0.0149607   0.0120814  0.00682199 -0.00324364 170350 0.022503 35.0127
0.022234 -0.0169447  0.0149606  0.0120814 0.00682182 -0.0032434 170351 0.0225031 35.0963
0.0222341 -0.0169453  0.0149604   0.0120821   0.0068219 -0.00324304 170351 0.0225031 35.1933
0.0222341 -0.0169455  0.0149604  0.0120823 0.00682193 -0.0032428 170351 0.0225032 35.1736
0.0222341 -0.0169456  0.0149604   0.0120824  0.00682193 -0.00324268 170351 0.0225031 35.1812
0.0222338 -0.0169459  0.0149605   0.0120827  0.00682158 -0.00324256 170351 0.0225031 35.087
0.0222337 -0.0169459  0.0149605   0.0120825  0.00682131 -0.00324256 170351 0.0225032 35.0988
0.0222336 -0.0169462  0.0149605   0.0120824  0.00682108 -0.00324232 170351 0.0225032 35.1093
0.0222336 -0.0169463  0.0149606   0.0120821  0.00682105 -0.00324196 170351 0.0225032 35.1426
0.0222335 -0.0169466  0.0149605   0.0120821  0.00682097 -0.00324255 170351 0.0225033 35.1802
0.0222335 -0.0169466  0.0149605   0.0120818   0.0068211 -0.00324243 170351 0.0225033 35.2087
0.0222336 -0.0169469  0.0149605   0.0120816   0.0068213 -0.00324243 170351 0.0225034 35.2157
0.0222336 -0.0169472  0.0149603  0.0120817 0.00682124 -0.0032423 170351 0.0225034 35.168
