0.00877845 -0.00859921  0.00769927   0.0131799   0.0114892 -0.00119615 166365 0.0402392 88.7335
0.0123052 -0.012445 0.0116614   0.0182749   0.0142046 -0.00177454 167862 0.0340688 89.1908
0.0139195 -0.0141962  0.0140497   0.0199119   0.0139019 -0.00205774 168622 0.0310066 89.0021
0.0148345 -0.0150127  0.0157143    0.020049   0.0126328 -0.00223247 169091 0.0287566 88.9812
0.015453 -0.0153799  0.0170445   0.0195173   0.0111067 -0.00234498 169501 0.0268792 89.0472
0.0159702 -0.0155505  0.0181541   0.0187295  0.00963785 -0.00246741 169834 0.0252489 88.9781
0.0164595 -0.0156457  0.0190965   0.0178847  0.00831428 -0.00260185 170114 0.0237931 89.1278
0.0169095 -0.0156811  0.0199145  0.0170075 0.00711095 -0.0027216 170338 0.0225064 89.1769
0.0173099 -0.0156836  0.0206505  0.0161602 0.00601599  -0.002811 170568 0.0213912 88.856
0.0176774 -0.0156886  0.0213032   0.0153728  0.00503277 -0.00291695 170839 0.0204322 89.25
0.0180321 -0.015678 0.0218699   0.0145994  0.00415807 -0.00301844 171048 0.0195854 89.0609
0.0183552 -0.0156767  0.0223482   0.0138926  0.00337446 -0.00312689 171185 0.0188439 89.0095
0.0186562 -0.015689 0.0227479   0.0132647  0.00268286 -0.00321712 171350 0.0182231 89.1662
0.0189289 -0.0157026  0.0230706   0.0126814  0.00205439 -0.00330975 171521 0.0176959 89.0003
0.0191807 -0.0157038  0.0233505   0.0121171   0.0014943 -0.00338558 171634 0.0172335 88.9733
0.0194235 -0.0157122  0.0235927   0.0116033  0.00102307 -0.00346744 171729 0.0168452 89.178
0.0196496 -0.0157294  0.0237888   0.0111441 0.000616098 -0.00355838 171813 0.0165275 89.2434
0.0198574 -0.0157494  0.0239432   0.0107282 0.000276088 -0.00364761 171895 0.016267 88.8908
0.0200641 -0.015773 0.0240668   0.0103501 4.36994e-07 -0.00372949 171934 0.0160388 88.9313
0.0202654 -0.0158021  0.0241489    0.0100146 -0.000229652  -0.00380971 172024 0.0158574 88.8973
0.0204589 -0.0158331  0.0241953   0.00971109 -0.000410102  -0.00387541 172100 0.0157017 89.1059
0.0206463 -0.0158658   0.024208   0.00943889 -0.000545749  -0.00392755 172146 0.0155699 89.0685
0.0208175 -0.0159058  0.0241906   0.00920265 -0.000658639  -0.00398548 172176 0.0154562 88.9401
0.0209764 -0.0159457  0.0241532   0.00899229 -0.000746192   -0.0040445 172185 0.0153642 89.0422
0.0211285 -0.0159867  0.0240954   0.00881031 -0.000807258  -0.00409864 172196 0.0152886 88.9663
0.0212764 -0.0160263  0.0240349   0.00864628 -0.000838547  -0.00415006 172218 0.0152229 89.1798
0.0214082 -0.0160594  0.0239756   0.00849793 -0.000862936  -0.00420105 172211 0.015163 89.1532
0.02153 -0.0160873  0.0239092   0.00836196 -0.000873449  -0.00424421 172189 0.0151156 88.9798
0.0216471 -0.0161134  0.0238414  0.00823819 -0.00087363 -0.00428024 172181 0.0150788 89.0612
0.0217527 -0.0161439  0.0237728   0.00813641 -0.000874118  -0.00430991 172184 0.0150446 88.9259
0.0218559  -0.01617 0.0237045   0.00804334 -0.000865253  -0.00434139 172183 0.0150156 89.1309
0.0219479 -0.0161996  0.0236275   0.00796642 -0.000859919  -0.00436724 172171 0.0149933 89.0525
0.0220286 -0.0162246  0.0235455   0.00789377 -0.000862945  -0.00438215 172182 0.0149745 89.1384
0.0221011 -0.016247 0.0234588   0.00782469 -0.000866884  -0.00440351 172179 0.0149523 89.1383
0.0221715 -0.0162743  0.0233771   0.00777048 -0.000858586  -0.00441946 172178 0.0149331 89.1314
0.0222367 -0.0162976  0.0232974   0.00771969 -0.000851001  -0.00442578 172175 0.0149136 88.943
0.0222914 -0.0163235  0.0232227   0.00768466 -0.000852333  -0.00443887 172174 0.0149026 89.1488
0.0223489 -0.0163459  0.0231554   0.00764843 -0.000840035  -0.00444675 172175 0.0148929 89.1101
0.0223968 -0.016367 0.0230856   0.00761519 -0.000834619  -0.00445963 172164 0.0148855 89.2347
0.0224445 -0.0163884  0.0230188   0.00758767 -0.000827147  -0.00447001 172163 0.0148789 88.9825
0.0224906 -0.0164075  0.0229549   0.00756327 -0.000815884  -0.00447801 172162 0.0148763 88.9781
0.022537 -0.0164271  0.0228953   0.00754675 -0.000803703  -0.00448769 172169 0.014873 88.9293
0.0225829 -0.0164481  0.0228354  0.00753546 -0.00078973  -0.0044989 172171 0.014867 88.8288
0.0226294 -0.0164633  0.0227829   0.00751861 -0.000769285  -0.00450658 172170 0.014863 88.8693
0.0226723 -0.0164776   0.022731    0.0075041 -0.000751482  -0.00451509 172164 0.0148602 89.2517
0.0227125 -0.0164904   0.022679   0.00748964 -0.000736821  -0.00451968 172153 0.0148553 89.0479
0.0227443 -0.0165052  0.0226294   0.00748055 -0.000730934    -0.004519 172165 0.014855 89.1471
0.022777 -0.0165232  0.0225833   0.00747774 -0.000719528  -0.00452224 172167 0.0148543 89.1232
0.022813 -0.0165376  0.0225376   0.00746993 -0.000702114  -0.00452848 172175 0.0148495 88.9895
0.0228461 -0.0165489  0.0224953   0.00745951 -0.000685302  -0.00453307 172159 0.0148466 88.9666
0.0228743 -0.0165595  0.0224559   0.00744937 -0.000674247  -0.00453302 172161 0.0148441 89.0483
0.0229011 -0.0165702  0.0224173   0.00744186 -0.000663136  -0.00453368 172160 0.0148447 88.8945
0.0229258 -0.0165796  0.0223779   0.00743555 -0.000652279  -0.00453804 172153 0.0148445 88.9196
0.0229513 -0.0165889  0.0223436   0.00743253 -0.000639436  -0.00454037 172159 0.0148436 89.1174
0.0229736 -0.0165988  0.0223105   0.00743117 -0.000628427  -0.00454437 172151 0.0148426 89.3238
0.0229987 -0.0166049   0.022278   0.00742375 -0.000614101  -0.00454649 172144 0.01484 89.3014
0.0230212 -0.0166115  0.0222482   0.00741888 -0.000602087  -0.00454837 172144 0.0148365 88.8961
0.0230422 -0.0166202  0.0222173   0.00741925 -0.000590616  -0.00455106 172149 0.0148351 89.0134
0.0230624 -0.0166278  0.0221892   0.00741855 -0.000580187  -0.00455364 172142 0.0148345 89.0425
0.0230821 -0.016636 0.0221639   0.00741988 -0.000568808  -0.00455574 172139 0.0148338 89.1796
0.0230998 -0.0166441  0.0221381   0.00742081 -0.000559737  -0.00455701 172136 0.0148303 89.0292
0.0231142 -0.0166528   0.022112   0.00742411 -0.000554021  -0.00455707 172138 0.0148292 89.1001
0.0231279 -0.0166583  0.0220862   0.00742345 -0.000548825  -0.00455692 172125 0.0148266 88.9523
0.0231404 -0.0166645  0.0220607   0.00742631 -0.000544514  -0.00455426 172124 0.0148284 89.3422
0.0231523 -0.0166715  0.0220381   0.00743081 -0.000539355  -0.00455172 172132 0.0148288 89.0004
0.023163 -0.0166772  0.0220184   0.00743427 -0.000535446  -0.00455013 172133 0.0148286 89.075
0.0231734 -0.0166805  0.0220015   0.00743505 -0.000531041  -0.00454844 172130 0.014828 88.9807
0.0231818 -0.0166848  0.0219826   0.00743717 -0.000529085  -0.00454723 172130 0.0148273 89.2524
0.0231903 -0.0166888  0.0219671  0.00744007 -0.00052523 -0.00454684 172136 0.0148267 89.2161
0.0231984 -0.0166933  0.0219532   0.00744341 -0.000520925   -0.0045486 172138 0.0148265 89.0226
0.0232045 -0.0166955  0.0219403   0.00744258 -0.000519618  -0.00454895 172137 0.0148264 89.0008
0.02321 -0.0166991  0.0219288   0.00744498 -0.000518209  -0.00454797 172136 0.0148251 88.8919
0.0232148 -0.0167013  0.0219187   0.00744604 -0.000516172  -0.00454701 172132 0.0148256 89.1692
0.023219 -0.0167039  0.0219087   0.00744822 -0.000514945  -0.00454723 172130 0.0148254 89.0383
0.0232237 -0.0167056  0.0218987   0.00744805 -0.000512598  -0.00454567 172129 0.0148251 88.976
0.0232287 -0.016709 0.0218872   0.00745093 -0.000509851  -0.00454386 172126 0.0148249 89.0301
0.023233 -0.0167127  0.0218769   0.00745426 -0.000509028  -0.00454216 172119 0.014825 88.7411
0.0232392 -0.0167187  0.0218677  0.00746191 -0.00050558 -0.00454248 172117 0.014825 89.0082
0.0232441 -0.0167211   0.021858   0.00746427 -0.000504494  -0.00454259 172117 0.0148254 88.7844
0.02325 -0.0167236  0.0218493   0.00746639 -0.000502187  -0.00454198 172114 0.0148249 89.0687
0.0232553 -0.0167257    0.02184   0.00746758 -0.000500649  -0.00454161 172112 0.0148247 89.0754
0.02326 -0.0167289  0.0218316   0.00747045 -0.000499352  -0.00454182 172112 0.0148246 89.0026
0.0232627 -0.0167291  0.0218232   0.00746784 -0.000500363  -0.00453944 172116 0.0148247 89.2599
0.0232655 -0.0167303  0.0218165   0.00746777 -0.000501004  -0.00453812 172115 0.0148249 89.0379
0.0232694 -0.0167322  0.0218103   0.00746892 -0.000500185  -0.00453751 172113 0.0148256 88.9938
0.0232728 -0.0167341  0.0218036   0.00747056 -0.000501286  -0.00453595 172113 0.0148258 88.8898
0.0232767 -0.0167367  0.0217969   0.00747255 -0.000500851  -0.00453629 172108 0.0148257 89.1623
0.0232797 -0.0167396  0.0217909   0.00747552 -0.000500982  -0.00453663 172104 0.0148257 89.0008
0.0232824 -0.0167423  0.0217839   0.00747787 -0.000501808  -0.00453661 172102 0.0148255 89.0508
0.023285 -0.016744 0.0217771   0.00747856 -0.000502063  -0.00453684 172101 0.0148257 88.8954
0.0232888 -0.0167447  0.0217719   0.00747769 -0.000499826  -0.00453768 172102 0.0148256 89.0382
0.023292 -0.0167454  0.0217659   0.00747645 -0.000498672  -0.00453815 172105 0.0148261 89.1646
0.0232958 -0.0167463  0.0217605   0.00747551 -0.000495986  -0.00453743 172104 0.0148258 89.1405
0.0232986 -0.0167491  0.0217553   0.00747811 -0.000494961  -0.00453681 172098 0.014826 88.9124
0.0233012 -0.0167523  0.0217513    0.0074816 -0.000493746  -0.00453679 172096 0.014826 89.1775
0.0233032 -0.0167555  0.0217466   0.00748472 -0.000493093  -0.00453653 172094 0.014826 89.2764
0.0233056 -0.0167571  0.0217421   0.00748576 -0.000491793    -0.004537 172093 0.014826 89.008
0.0233086 -0.0167581  0.0217376   0.00748543 -0.000488884  -0.00453794 172092 0.0148258 89.1682
0.0233124 -0.0167593  0.0217338   0.00748586 -0.000485017  -0.00453782 172093 0.014826 88.8789
0.0233157 -0.0167609  0.0217307   0.00748661 -0.000482305  -0.00453793 172093 0.014826 89.178
